[array([ 164.,   22.,    7.]), array([ 41.,  54.,  39.]), array([   4.,   40.,  116.])]
[array([ 164.,   24.,    4.]), array([ 39.,  56.,  40.]), array([   4.,   40.,  116.])]
[array([ 166.,   21.,    6.]), array([ 41.,  51.,  42.]), array([   3.,   40.,  117.])]
[array([ 164.,   23.,    6.]), array([ 42.,  53.,  39.]), array([   6.,   35.,  119.])]
[array([ 164.,   22.,    6.]), array([ 41.,  55.,  39.]), array([   4.,   41.,  115.])]
[array([ 166.,   23.,    4.]), array([ 40.,  55.,  40.]), array([   4.,   38.,  117.])]
[array([ 165.,   20.,    8.]), array([ 41.,  53.,  40.]), array([   5.,   37.,  118.])]
[array([ 167.,   20.,    6.]), array([ 41.,  55.,  39.]), array([   4.,   41.,  114.])]
[array([ 168.,   20.,    5.]), array([ 41.,  52.,  41.]), array([   3.,   43.,  114.])]
[array([ 163.,   24.,    5.]), array([ 40.,  54.,  41.]), array([   3.,   41.,  116.])]
[array([ 165.,   20.,    7.]), array([ 41.,  53.,  41.]), array([   4.,   36.,  120.])]
[array([ 167.,   18.,    7.]), array([ 41.,  54.,  40.]), array([   4.,   36.,  120.])]
[array([ 165.,   22.,    5.]), array([ 40.,  55.,  40.]), array([   5.,   34.,  121.])]
[array([ 165.,   20.,    7.]), array([ 41.,  55.,  39.]), array([   6.,   34.,  120.])]
[array([ 165.,   21.,    7.]), array([ 40.,  54.,  40.]), array([   5.,   36.,  119.])]
[array([ 165.,   21.,    7.]), array([ 40.,  52.,  42.]), array([   4.,   38.,  118.])]
[array([ 164.,   21.,    7.]), array([ 41.,  55.,  39.]), array([   3.,   40.,  117.])]
[array([ 166.,   20.,    7.]), array([ 41.,  54.,  39.]), array([   5.,   38.,  117.])]
[array([ 163.,   24.,    6.]), array([ 40.,  56.,  39.]), array([   4.,   39.,  116.])]
[array([ 163.,   25.,    4.]), array([ 41.,  55.,  39.]), array([   3.,   41.,  116.])]
[array([ 162.,   24.,    6.]), array([ 41.,  55.,  39.]), array([   6.,   35.,  119.])]
[array([ 164.,   21.,    7.]), array([ 40.,  55.,  40.]), array([   5.,   36.,  119.])]
[array([ 166.,   20.,    6.]), array([ 40.,  55.,  40.]), array([   4.,   38.,  118.])]
[array([ 164.,   24.,    5.]), array([ 41.,  55.,  39.]), array([   6.,   36.,  117.])]
[array([ 162.,   26.,    5.]), array([ 40.,  52.,  42.]), array([   5.,   38.,  117.])]
[array([ 165.,   23.,    5.]), array([ 40.,  55.,  40.]), array([   4.,   35.,  120.])]
[array([ 165.,   22.,    6.]), array([ 42.,  53.,  39.]), array([   5.,   38.,  117.])]
[array([ 168.,   20.,    5.]), array([ 40.,  53.,  41.]), array([   3.,   39.,  118.])]
[array([ 163.,   23.,    6.]), array([ 40.,  55.,  40.]), array([   3.,   38.,  119.])]
[array([ 167.,   19.,    6.]), array([ 40.,  57.,  38.]), array([   5.,   38.,  117.])]
[array([ 163.,   23.,    6.]), array([ 41.,  52.,  42.]), array([   4.,   38.,  118.])]
[array([ 163.,   24.,    6.]), array([ 41.,  55.,  39.]), array([   3.,   42.,  114.])]
[array([ 164.,   23.,    6.]), array([ 41.,  55.,  38.]), array([   4.,   39.,  117.])]
[array([ 167.,   21.,    5.]), array([ 41.,  57.,  37.]), array([   4.,   38.,  117.])]
[array([ 165.,   22.,    6.]), array([ 41.,  53.,  41.]), array([   3.,   37.,  119.])]
[array([ 164.,   24.,    5.]), array([ 41.,  53.,  40.]), array([   4.,   34.,  122.])]
[array([ 166.,   20.,    7.]), array([ 43.,  53.,  39.]), array([   5.,   40.,  114.])]
[array([ 165.,   23.,    5.]), array([ 40.,  51.,  43.]), array([   2.,   40.,  118.])]
[array([ 169.,   18.,    6.]), array([ 40.,  54.,  40.]), array([   3.,   38.,  119.])]
[array([ 166.,   23.,    4.]), array([ 38.,  56.,  40.]), array([   6.,   40.,  114.])]
[array([ 163.,   23.,    6.]), array([ 38.,  56.,  41.]), array([   4.,   37.,  119.])]
[array([ 165.,   20.,    7.]), array([ 42.,  53.,  40.]), array([   4.,   35.,  121.])]
[array([ 166.,   21.,    6.]), array([ 40.,  55.,  39.]), array([   6.,   36.,  118.])]
[array([ 167.,   21.,    5.]), array([ 40.,  57.,  38.]), array([   5.,   38.,  116.])]
[array([ 163.,   21.,    8.]), array([ 42.,  54.,  39.]), array([   5.,   38.,  117.])]
[array([ 167.,   20.,    6.]), array([ 40.,  54.,  40.]), array([   3.,   37.,  120.])]
[array([ 166.,   18.,    8.]), array([ 41.,  56.,  38.]), array([   5.,   38.,  117.])]
[array([ 163.,   24.,    5.]), array([ 42.,  52.,  41.]), array([   4.,   38.,  118.])]
[array([ 165.,   23.,    5.]), array([ 40.,  54.,  41.]), array([   5.,   34.,  120.])]
[array([ 164.,   22.,    7.]), array([ 38.,  55.,  42.]), array([   4.,   39.,  116.])]
[array([ 163.,   22.,    7.]), array([ 42.,  51.,  42.]), array([   5.,   38.,  117.])]
[array([ 164.,   23.,    5.]), array([ 42.,  54.,  39.]), array([   2.,   38.,  120.])]
[array([ 164.,   21.,    7.]), array([ 41.,  52.,  42.]), array([   6.,   36.,  118.])]
[array([ 164.,   23.,    5.]), array([ 42.,  53.,  40.]), array([   5.,   34.,  121.])]
[array([ 165.,   22.,    5.]), array([ 39.,  55.,  41.]), array([   4.,   40.,  116.])]
[array([ 167.,   19.,    7.]), array([ 40.,  52.,  42.]), array([   6.,   38.,  116.])]
[array([ 162.,   24.,    6.]), array([ 42.,  54.,  39.]), array([   4.,   41.,  115.])]
[array([ 166.,   18.,    8.]), array([ 39.,  54.,  42.]), array([   4.,   38.,  118.])]
[array([ 167.,   21.,    4.]), array([ 42.,  53.,  40.]), array([   4.,   39.,  117.])]
[array([ 165.,   19.,    8.]), array([ 41.,  53.,  41.]), array([   3.,   40.,  117.])]
[array([ 163.,   25.,    5.]), array([ 40.,  56.,  39.]), array([   4.,   37.,  118.])]
[array([ 164.,   22.,    6.]), array([ 39.,  56.,  40.]), array([   3.,   39.,  118.])]
[array([ 164.,   22.,    7.]), array([ 40.,  54.,  40.]), array([   3.,   37.,  120.])]
[array([ 165.,   21.,    7.]), array([ 41.,  57.,  36.]), array([   3.,   40.,  117.])]
[array([ 164.,   21.,    8.]), array([ 41.,  51.,  42.]), array([   6.,   35.,  119.])]
[array([ 166.,   21.,    6.]), array([ 40.,  56.,  38.]), array([   4.,   37.,  119.])]
[array([ 164.,   21.,    7.]), array([ 38.,  56.,  41.]), array([   4.,   38.,  118.])]
[array([ 167.,   18.,    7.]), array([ 40.,  54.,  41.]), array([   3.,   38.,  119.])]
[array([ 164.,   23.,    6.]), array([ 39.,  52.,  44.]), array([   4.,   39.,  116.])]
[array([ 163.,   22.,    7.]), array([ 40.,  53.,  42.]), array([   5.,   34.,  121.])]
[array([ 167.,   21.,    5.]), array([ 40.,  56.,  38.]), array([   3.,   37.,  120.])]
[array([ 164.,   20.,    8.]), array([ 41.,  52.,  42.]), array([   3.,   40.,  117.])]
[array([ 163.,   24.,    6.]), array([ 40.,  56.,  38.]), array([   5.,   37.,  118.])]
[array([ 165.,   21.,    6.]), array([ 41.,  52.,  42.]), array([   4.,   40.,  116.])]
[array([ 166.,   21.,    6.]), array([ 41.,  52.,  41.]), array([   5.,   36.,  119.])]
[array([ 167.,   20.,    5.]), array([ 41.,  55.,  39.]), array([   4.,   37.,  119.])]
[array([ 166.,   21.,    5.]), array([ 39.,  56.,  40.]), array([   2.,   40.,  118.])]
[array([ 165.,   22.,    6.]), array([ 43.,  54.,  38.]), array([   3.,   41.,  115.])]
[array([ 164.,   20.,    8.]), array([ 42.,  54.,  39.]), array([   3.,   38.,  119.])]
[array([ 167.,   22.,    4.]), array([ 43.,  51.,  41.]), array([   5.,   37.,  117.])]
[array([ 165.,   22.,    6.]), array([ 39.,  55.,  40.]), array([   2.,   40.,  118.])]
[array([ 166.,   20.,    7.]), array([ 40.,  55.,  39.]), array([   5.,   35.,  120.])]
[array([ 166.,   20.,    6.]), array([ 41.,  54.,  40.]), array([   6.,   37.,  117.])]
[array([ 165.,   20.,    7.]), array([ 42.,  53.,  40.]), array([   4.,   38.,  118.])]
[array([ 166.,   21.,    6.]), array([ 40.,  54.,  41.]), array([   4.,   37.,  118.])]
[array([ 167.,   21.,    5.]), array([ 40.,  52.,  42.]), array([   2.,   41.,  117.])]
[array([ 166.,   21.,    6.]), array([ 40.,  56.,  39.]), array([   4.,   37.,  118.])]
[array([ 166.,   18.,    9.]), array([ 39.,  54.,  41.]), array([   3.,   40.,  117.])]
[array([ 166.,   21.,    6.]), array([ 40.,  52.,  42.]), array([   5.,   33.,  122.])]
[array([ 164.,   22.,    7.]), array([ 41.,  53.,  41.]), array([   3.,   43.,  113.])]
[array([ 164.,   21.,    7.]), array([ 40.,  56.,  39.]), array([   3.,   39.,  118.])]
[array([ 162.,   25.,    6.]), array([ 40.,  54.,  40.]), array([   3.,   39.,  118.])]
[array([ 166.,   20.,    6.]), array([ 42.,  54.,  39.]), array([   4.,   37.,  119.])]
[array([ 164.,   22.,    6.]), array([ 43.,  53.,  39.]), array([   3.,   40.,  117.])]
[array([ 165.,   21.,    7.]), array([ 40.,  51.,  44.]), array([   4.,   36.,  119.])]
[array([ 164.,   22.,    7.]), array([ 41.,  54.,  40.]), array([   5.,   37.,  117.])]
[array([ 162.,   24.,    7.]), array([ 42.,  53.,  40.]), array([   5.,   35.,  119.])]
[array([ 164.,   22.,    7.]), array([ 41.,  55.,  39.]), array([   4.,   38.,  117.])]
[array([ 162.,   24.,    7.]), array([ 41.,  55.,  39.]), array([   4.,   36.,  119.])]
