6,0.557363013699,
64,0.0527559055118,
138,0.497948016416,0.998632010944,0.97195622435,
154,0.468506723284,0.604387827318,0.81457891012,0.352441613588,0.881811748054,0.813871196037,0.162066525124,0.675866949752,
155,0.928571428571,0.723502304147,0.457757296467,0.741167434716,0.741167434716,0.913978494624,
156,0.133905579399,
157,0.697396199859,1.0,
158,0.436325678497,0.854558107168,0.349338900487,0.334725121781,0.82254697286,0.749478079332,0.823242867084,0.787752261656,
159,0.713467048711,0.275071633238,0.993553008596,0.473495702006,0.602435530086,0.921919770774,0.271489971347,
187,0.605904059041,0.205166051661,0.0605166051661,0.935793357934,
189,0.135829662261,
196,0.240148698885,
197,0.673734610123,0.863885088919,0.476744186047,0.348837209302,0.971272229822,0.614911080711,0.99316005472,0.679206566347,0.694254445964,0.702462380301,0.649794801642,0.760601915185,
198,0.930707512764,0.681254558716,0.719912472648,0.833698030635,
199,0.954509177973,0.891460494812,
201,0.85881294964,0.86690647482,0.967625899281,0.663669064748,0.401079136691,
202,0.360406091371,0.332124728064,
203,0.931060606061,0.240151515152,0.831060606061,
204,0.801717408275,0.893832943013,
205,0.533101045296,0.93031358885,0.87456445993,0.774912891986,0.383275261324,0.829268292683,0.335191637631,0.678745644599,0.517073170732,0.611846689895,
206,0.603703703704,0.813333333333,0.522962962963,0.634074074074,0.177777777778,0.537777777778,0.558518518519,0.805185185185,
219,0.785024154589,
226,0.560790273556,0.87462006079,0.882978723404,
227,0.899681528662,0.682324840764,
229,0.568315171836,
230,0.310541310541,0.584757834758,0.489316239316,0.245726495726,0.0648148148148,0.578347578348,0.501424501425,0.673076923077,0.935897435897,0.633190883191,0.858974358974,0.990740740741,0.372507122507,0.75,0.717948717949,0.958689458689,0.97792022792,0.446581196581,0.780626780627,0.701566951567,0.769943019943,0.660256410256,0.928062678063,0.925213675214,0.91452991453,0.269230769231,0.650997150997,0.650997150997,0.584045584046,0.621082621083,0.606125356125,0.995014245014,0.376780626781,0.376780626781,0.376780626781,0.376780626781,0.524928774929,0.381766381766,0.982905982906,0.785612535613,0.656695156695,0.846866096866,0.950142450142,0.992165242165,0.924501424501,0.804843304843,
231,0.941386704789,0.384560400286,0.593280914939,0.98355968549,0.606147248034,0.146533238027,0.496068620443,0.71265189421,0.86204431737,0.746247319514,0.820586132952,
232,0.8960770819,0.859600825877,0.688919476944,0.877494838266,0.752924982794,0.80798348245,0.686854783207,0.560220233999,0.0578114246387,0.598761183758,
233,0.43721633888,
234,0.681105302465,0.0545182972367,0.971620612397,0.994772218073,0.976101568335,0.232262882748,0.825989544436,0.710231516057,
235,0.96546310832,0.65306122449,0.572998430141,0.956043956044,0.441130298273,
236,0.880534082923,0.00913562895292,0.495432185524,0.496837666901,
237,0.825688073394,0.659139026112,0.741707833451,0.473535638673,0.917431192661,0.891319689485,0.82074805928,0.0550458715596,0.532815808045,0.278052223006,0.892025405787,0.204657727594,0.983768525053,
239,0.739482200647,0.588996763754,
240,0.806,
241,0.375,0.129166666667,
242,0.642479213908,
243,0.782957028405,0.65768390386,0.46030589949,0.413692643846,0.806263656227,0.0349599417334,0.527312454479,0.940276766205,0.510560815732,0.621995630007,0.735615440641,0.925710123816,0.603787327021,0.59213401311,0.756008739985,0.372906045157,0.916241806264,
244,0.216653193209,0.656426839127,0.688763136621,0.823767178658,
245,0.414548022599,0.858050847458,0.974576271186,0.64406779661,0.41384180791,0.892655367232,0.950564971751,0.210451977401,0.920903954802,0.827683615819,0.857344632768,0.656073446328,0.651129943503,0.790960451977,0.483757062147,
246,0.0903908794788,0.747557003257,0.128664495114,
247,0.478618421053,0.448190789474,0.0583881578947,0.0460526315789,0.661184210526,
248,0.0419630156472,0.749644381223,0.98506401138,0.531294452347,0.536984352774,0.894736842105,0.857041251778,0.857041251778,
249,0.247727272727,0.822727272727,0.540909090909,0.943181818182,0.443939393939,0.371212121212,0.0310606060606,0.525,0.729545454545,0.360606060606,
250,0.722031571723,0.452985586822,0.778311599176,0.116678105697,0.697323266987,0.376115305422,0.948524365134,0.808510638298,0.104323953329,0.763212079616,0.989018531229,0.999313658202,0.667124227865,0.387783115992,0.893617021277,0.967741935484,0.793411118737,0.891557995882,0.363761153054,
251,0.181434599156,0.188466947961,0.71870604782,0.519690576653,0.841068917018,0.658227848101,
253,0.693739424704,0.796108291032,
254,0.832958801498,0.965543071161,
256,0.25932062966,0.967688483844,0.937862468931,0.290803645402,0.92792046396,0.962717481359,
257,0.702978056426,0.655172413793,0.903605015674,
258,0.811570247934,0.811570247934,
259,0.993288590604,0.26677852349,0.26677852349,0.205536912752,0.323825503356,0.323825503356,0.49244966443,
260,0.763888888889,0.740277777778,0.873611111111,
261,0.746007604563,0.809885931559,
262,0.743040685225,0.898643825839,0.62812276945,0.443254817987,
263,0.099560761347,0.371888726208,0.797218155198,0.501464128843,0.786237188873,0.3682284041,0.962664714495,
264,0.184845961699,
265,0.0759493670886,0.48191681736,
266,0.678995115143,0.551988834613,
267,0.744996293551,0.968865826538,0.552260934025,0.774647887324,0.393624907339,0.391401037806,0.785025945145,0.911786508525,
268,0.608454608455,0.467775467775,0.700623700624,0.518364518365,0.686070686071,0.726264726265,0.97227997228,0.52182952183,0.624393624394,0.762300762301,
269,0.467851099831,0.123519458545,0.406937394247,0.863790186125,0.626057529611,
271,0.526315789474,0.894736842105,
272,0.139573070608,0.516420361248,
273,0.807080924855,0.773121387283,0.418352601156,0.504335260116,0.91112716763,
274,0.99377593361,0.99377593361,0.367219917012,0.771092669433,0.324343015214,0.394190871369,0.692946058091,0.446058091286,0.446058091286,0.204011065007,0.204011065007,0.97510373444,0.6459197787,0.6459197787,0.6459197787,0.6459197787,0.974412171508,0.902489626556,0.8540802213,0.776625172891,0.977178423237,
275,0.95800933126,0.423017107309,0.601866251944,0.151632970451,0.615085536547,0.788491446345,0.566096423017,0.943234836703,0.95567651633,0.954898911353,0.513219284603,0.793157076205,0.597200622084,0.265940902022,0.613530326594,0.353032659409,0.918351477449,0.118973561431,
276,0.296546546547,0.0472972972973,0.617867867868,
277,0.502145922747,0.802575107296,0.783261802575,0.905579399142,0.669527896996,0.639484978541,0.427038626609,
278,0.329702251271,0.686274509804,0.948438634713,0.869281045752,0.967320261438,0.79302832244,
279,0.741249142073,0.228551818806,0.403568977351,0.566918325326,0.857240905971,0.768016472203,0.762525737817,0.220315717227,0.954701441318,0.517501715854,0.935483870968,0.922443376802,0.306108442004,
280,0.570802919708,0.960583941606,0.489051094891,0.489051094891,0.275182481752,0.275182481752,
281,0.803867403315,0.741712707182,0.842541436464,0.759668508287,0.218232044199,0.954419889503,0.291436464088,0.291436464088,
282,0.505809979494,0.537252221463,0.946684894053,0.601503759398,0.765550239234,0.511278195489,0.737525632262,0.00683526999316,0.914559125085,0.76008202324,0.475051264525,0.982228298018,
283,0.632120796156,0.232669869595,0.70006863418,0.485929993137,0.52299245024,0.52299245024,0.82292381606,0.82292381606,0.695264241592,0.445435827042,0.897735072066,0.483184625944,0.780370624571,0.879890185312,0.413177762526,0.413177762526,0.413177762526,0.413177762526,0.413177762526,0.915579958819,0.850377487989,0.775566231984,
284,0.925619834711,0.906336088154,0.829201101928,0.363636363636,0.333333333333,0.809917355372,0.331267217631,0.756198347107,0.206611570248,0.851928374656,0.91391184573,0.770661157025,
285,0.71921182266,0.820548909219,0.625615763547,0.89584799437,0.969739619986,0.755805770584,0.755805770584,0.577762139338,0.323715693174,0.714989444053,0.520760028149,0.0598170302604,0.348346235046,
286,0.414548641543,0.122699386503,0.246275197195,0.624890446976,0.693251533742,0.0850131463628,0.454864154251,0.584574934268,0.045574057844,
287,0.269841269841,0.843776106934,0.0960735171261,0.729323308271,0.903926482874,0.0868838763576,0.814536340852,
288,0.87091503268,0.907679738562,0.62908496732,
289,0.458567980692,0.310539018504,0.287208366854,0.183427192277,0.0981496379726,0.772325020113,0.772325020113,0.840707964602,0.065164923572,0.431214802896,0.8873692679,0.144006436042,0.76427996782,0.697506033789,
290,0.497435897436,0.807326007326,0.794139194139,0.863003663004,0.878388278388,0.847619047619,0.706227106227,0.859340659341,
291,0.933519944017,0.918824352694,0.871938418474,0.815955213436,0.100069979006,0.63610916725,0.505948215535,0.733379986004,0.395381385584,0.580825752274,0.790062981106,0.88033589923,0.895031490553,0.522043386984,
292,0.8265625,
293,0.799568965517,0.900143678161,0.997844827586,0.828304597701,0.842672413793,0.670977011494,0.696120689655,0.701867816092,
294,0.715268225585,0.993810178817,0.966987620358,0.882393397524,0.82462173315,0.697386519945,0.512379642366,0.320495185695,0.85969738652,0.906464924347,0.997936726272,0.867262723521,0.879642365887,0.879642365887,0.541265474553,0.662998624484,0.980742778542,0.638927097662,0.773727647868,0.799174690509,0.795048143054,0.986932599725,0.257909215956,0.835625859697,
295,0.405857740586,0.479776847978,0.850069735007,0.740585774059,0.0383542538354,0.781729428173,0.493026499303,0.81589958159,0.538354253835,
296,0.723552123552,0.45250965251,0.0795366795367,0.251737451737,0.952895752896,0.96138996139,
297,0.698534542917,0.963014654571,0.972086531752,0.798325191905,0.851360781577,0.988834612701,0.592463363573,0.629448709002,0.981158408932,0.521981856246,0.725052337753,0.856245638521,0.812979762736,
298,0.3584,0.8648,0.7176,0.8424,0.5648,0.3264,
299,0.850664581704,0.786551993745,0.919468334636,0.713057075841,0.440969507428,
300,0.686073957514,0.789142407553,0.917387883556,0.616837136113,0.826121164437,0.922108575924,0.600314712825,0.000786782061369,0.881195908733,0.531864673485,0.743509047994,0.261211644375,0.744295830055,0.130605822187,
301,0.9941902687,0.594045025418,0.557007988381,0.078431372549,
302,0.76842837274,0.751043115438,0.945062586926,0.573018080668,0.96314325452,0.878998609179,0.216968011127,0.532684283727,0.682892906815,0.28859527121,0.748956884562,0.842837273992,0.986787204451,
303,0.941868512111,0.733564013841,0.396539792388,0.253979238754,0.76401384083,0.133564013841,0.795155709343,0.898269896194,0.907266435986,0.900346020761,0.79169550173,0.826297577855,0.682352941176,0.809688581315,0.963321799308,0.909342560554,0.909342560554,0.773702422145,0.386851211073,0.56401384083,
304,0.857045143639,0.87756497948,0.743502051984,0.623119015048,0.516415868673,0.423392612859,0.751025991792,0.488372093023,0.640218878249,0.977428180575,0.880300957592,0.105335157319,0.728454172367,0.627906976744,0.711354309166,0.944596443228,0.627222982216,0.744186046512,0.417236662107,0.816689466484,0.831737346101,0.511627906977,
305,0.81648199446,0.51108033241,0.860110803324,0.793628808864,0.79432132964,0.887811634349,0.16135734072,0.720914127424,
306,0.6104,0.6104,
308,0.234578627281,0.683753258036,0.397914856646,0.6629018245,0.625543006082,0.626411815812,0.809730668983,0.553431798436,
310,0.963921568627,0.712941176471,0.26431372549,0.487058823529,
311,0.416320885201,0.601659751037,0.780774550484,0.781466113416,0.982710926694,0.877593360996,0.744813278008,0.890041493776,0.267634854772,0.42531120332,0.889349930844,0.219917012448,
312,0.667944785276,0.875,0.749233128834,0.911809815951,0.328987730061,0.312883435583,0.842791411043,0.891104294479,0.0207055214724,0.96472392638,0.86273006135,0.789110429448,
313,0.505952380952,0.429421768707,
314,0.565620542083,0.666191155492,0.252496433666,0.938659058488,0.622681883024,
315,0.585106382979,0.895896656535,
316,0.688605803255,0.703467799009,0.601556970984,0.867657466384,0.881811748054,0.98584571833,0.576079263977,0.593064401982,0.954706298655,0.805378627035,0.714083510262,0.658881811748,
317,0.241970021413,0.631691648822,0.881513204854,0.605995717345,0.490364025696,0.648108493933,
318,0.280200142959,0.776983559685,0.658327376698,0.870621872766,0.827734095783,0.523230879199,0.62616154396,0.485346676197,
319,0.479858657244,0.597879858657,0.648763250883,
320,0.629784272791,0.776617954071,0.945720250522,0.174669450244,0.141962421712,0.810020876827,0.640918580376,
322,0.702665755297,0.939166097061,0.483937115516,0.741626794258,0.738892686261,0.915242652085,0.623376623377,0.432672590567,0.886534518113,0.890635680109,0.991797676008,0.710868079289,0.768967874231,0.371155160629,0.984278879016,
323,0.986133768352,0.986133768352,0.986133768352,0.986133768352,0.933115823817,
325,0.671261199173,0.671261199173,0.671261199173,0.671261199173,0.671261199173,0.388008270159,
327,0.839632277835,
328,0.880395683453,
329,0.782251437962,0.894823336072,0.808545603944,
330,0.848657445077,0.901545972335,0.981285598047,0.764849471115,
333,0.383033419023,
334,0.860166288738,
335,0.572408536585,0.169969512195,0.746951219512,
336,0.916847433116,0.898047722343,0.898047722343,0.597252349964,0.526391901663,0.224150397686,0.932031814895,0.712219812003,
337,0.690684133916,0.45269286754,0.719796215429,0.719796215429,0.845705967977,0.906113537118,0.301310043668,0.675400291121,0.632459970888,0.472343522562,0.821688500728,
338,0.611111111111,0.409159159159,0.719219219219,0.585585585586,0.604354354354,0.696696696697,0.962462462462,0.878378378378,0.817567567568,0.186936936937,0.362612612613,0.916666666667,0.931681681682,0.909159159159,0.527777777778,0.752252252252,
339,0.706685837527,0.743350107836,0.677929547088,0.521926671459,0.521926671459,0.673616103523,0.63407620417,0.661394680086,0.961897915169,0.795111430625,0.951114306254,0.922358015816,
340,0.855590062112,
341,0.795714285714,0.57,0.57,0.858571428571,0.0407142857143,0.722142857143,0.584285714286,0.732142857143,0.727142857143,0.522142857143,0.997857142857,0.863571428571,0.255714285714,0.588571428571,0.968571428571,0.813571428571,0.800714285714,
342,0.721947776994,0.717713479181,
343,0.751719394773,0.852132049519,0.753782668501,0.938101788171,0.45598349381,0.758596973865,0.488995873453,0.2015130674,0.979367262724,0.378954607978,0.960797799175,0.974552957359,0.908528198074,
344,0.964750957854,0.748659003831,0.645210727969,0.493486590038,0.586973180077,
345,0.068058076225,0.484573502722,0.841197822142,
346,0.604938271605,0.16049382716,0.722222222222,0.324845679012,0.611111111111,
347,0.157974300831,0.48828420257,0.969009826153,0.922146636432,
348,0.463286713287,
349,0.772305496074,0.860099928622,0.610278372591,0.909350463954,0.564596716631,
351,0.557006092254,0.521322889469,
352,0.00689127105666,0.759571209801,
353,0.891793754539,0.616557734205,0.83660130719,0.840232389252,0.80174291939,
354,0.776353276353,
355,0.79137254902,0.926274509804,0.99137254902,0.643921568627,
356,0.395958083832,0.803892215569,0.559880239521,0.709580838323,0.686377245509,0.723053892216,0.39371257485,0.842814371257,0.335329341317,0.464071856287,0.47005988024,0.960329341317,
357,0.71586971587,0.652806652807,0.809424809425,0.342342342342,0.866250866251,0.56340956341,
358,0.0148619957537,0.162774239207,0.504600141543,
359,0.693835616438,0.21301369863,0.782876712329,0.803424657534,0.960273972603,0.644520547945,0.893835616438,0.786301369863,0.6,0.843150684932,0.904109589041,0.693150684932,0.302739726027,0.0260273972603,0.515753424658,0.65,0.378082191781,0.465753424658,
360,0.30861423221,0.943071161049,0.849438202247,0.90861423221,0.513108614232,0.779026217228,0.967790262172,0.829213483146,
361,0.437113402062,0.706529209622,0.870790378007,0.660481099656,0.883848797251,0.927835051546,0.353264604811,0.822680412371,0.190378006873,0.561512027491,0.702405498282,0.619243986254,0.938144329897,0.745017182131,0.834364261168,0.835051546392,0.241924398625,0.3264604811,0.709965635739,0.651546391753,0.635738831615,
362,0.570866141732,0.206299212598,
363,0.622627182992,0.258921791951,0.629460895976,
364,0.746135069162,0.914564686737,0.684296175753,0.739625711961,0.156224572823,0.857607811229,0.817737998373,0.821806346623,
365,0.9216152019,0.836104513064,0.833729216152,0.396674584323,0.147268408551,0.687252573238,
366,0.842788790157,0.883116883117,0.289131920711,0.605604921394,0.735475051265,0.732740943267,0.625427204375,0.324675324675,0.721804511278,0.259056732741,0.704032809296,0.341079972659,0.494873547505,0.881749829118,0.542036910458,0.233766233766,0.511278195489,
367,0.914970930233,
368,0.635355029586,0.651627218935,0.491124260355,0.852071005917,0.173816568047,0.74926035503,0.603550295858,0.60798816568,0.275887573964,0.864644970414,0.305473372781,0.926775147929,
369,0.797696184305,0.097192224622,0.594672426206,0.574514038877,
370,0.827709978464,0.700646087581,0.694185211773,
371,0.969199178645,0.925393566051,0.672142368241,0.835044490075,0.33607118412,0.707049965777,0.735797399042,0.62765229295,0.686516084873,0.860369609856,0.852156057495,0.265571526352,0.611225188227,
372,0.888647866956,
373,0.74039829303,0.395448079659,0.859886201991,0.307965860597,0.77667140825,0.52987197724,
376,0.809843400447,0.926920208799,0.0089485458613,0.157345264728,0.964205816555,
377,0.947067238913,0.755364806867,0.956366237482,0.879113018598,0.70886981402,0.192417739628,
378,0.464601769912,0.8901179941,0.237463126844,0.693215339233,0.962389380531,
379,0.615883306321,0.678282009724,
380,0.865724381625,0.965371024735,0.787279151943,0.444522968198,0.996466431095,0.751236749117,0.756183745583,0.819081272085,0.380212014134,0.348409893993,0.568197879859,
381,0.00485436893204,0.753120665742,0.892510402219,0.565187239945,0.809986130374,0.854368932039,0.791262135922,0.529819694868,
382,0.570417551309,0.894550601557,0.588818117481,0.96178343949,0.929936305732,0.31847133758,0.130927105449,0.958952583156,0.223637650389,0.634819532909,0.891719745223,
383,0.794624396968,0.598208132323,0.645072363887,0.0578911095796,0.376292212267,0.834596829773,0.927636113025,0.257753273604,0.410062026189,0.13783597519,0.682977257064,0.477601654032,0.874569262578,0.361130254997,
384,0.627011896431,0.78166550035,0.426871938418,0.289713086074,0.750874737579,0.596920923723,
386,0.767277856135,0.693935119887,0.802538787024,
387,0.0828530259366,0.0626801152738,0.766570605187,0.21181556196,0.783141210375,0.561959654179,0.678674351585,0.933717579251,0.89409221902,0.071325648415,
388,0.462225274725,0.976648351648,0.903159340659,0.737637362637,0.944368131868,0.595467032967,0.388736263736,0.936126373626,0.988324175824,0.0940934065934,0.993818681319,0.505494505495,0.966346153846,0.190247252747,0.586538461538,0.744505494505,0.973901098901,0.739010989011,0.858516483516,0.809752747253,0.679258241758,
389,0.806981519507,0.848049281314,0.652292950034,0.593429158111,0.514715947981,0.992470910335,
390,0.891966759003,0.941828254848,0.693905817175,0.887811634349,0.876731301939,0.862188365651,0.860110803324,0.713296398892,0.664819944598,0.932132963989,0.531163434903,
391,0.957290132548,
392,0.793584379358,0.940027894003,0.856345885635,0.905857740586,
393,0.342447026658,0.85030758715,0.65003417635,0.764866712235,0.565276828435,0.568694463431,0.757347915243,0.401230348599,0.618591934381,0.680792891319,0.776486671224,0.964456596036,0.418318523582,0.77033492823,0.958988380041,0.356117566644,0.859193438141,0.954203691046,0.811346548189,0.738209159262,0.951469583049,0.840738209159,0.545454545455,0.822282980178,0.663704716336,0.73000683527,0.700615174299,0.948735475051,0.734107997266,
394,0.617647058824,0.947332421341,0.854309165527,0.44049247606,0.652530779754,0.12585499316,0.808481532148,0.482900136799,0.994528043776,0.926128590971,0.613543091655,0.954856361149,0.823529411765,0.910396716826,0.982216142271,0.365937072503,
395,0.819615912209,0.68244170096,0.444444444444,0.478737997257,0.147462277092,0.487654320988,0.120027434842,0.681069958848,0.712620027435,0.976680384088,0.980109739369,0.719478737997,0.963648834019,0.910836762689,0.772976680384,0.792181069959,0.637860082305,0.880658436214,0.894375857339,0.860768175583,0.723593964335,0.860082304527,0.69341563786,0.816186556927,0.816186556927,0.743484224966,0.506858710562,0.775034293553,0.847050754458,0.997256515775,
396,0.559392265193,0.105662983425,0.423342541436,0.593922651934,0.560082872928,0.875,0.947513812155,
397,0.676739283204,0.670414617006,0.723120168658,0.717498243148,0.661981728742,0.770906535488,
398,0.418219461698,0.904761904762,0.633540372671,0.939268461008,0.468599033816,0.91856452726,0.765355417529,0.668737060041,0.752933057281,0.741890959282,0.432022084196,0.447895100069,0.875086266391,0.539682539683,0.807453416149,0.991028295376,0.943409247757,0.761904761905,0.854382332643,
399,0.943490701001,0.688841201717,0.747496423462,0.504291845494,0.5,
400,0.778894472362,0.908111988514,0.56783919598,0.695620961953,0.723618090452,0.725053840632,
401,0.349372384937,0.645746164575,0.981171548117,0.86750348675,0.986052998605,
402,0.751326762699,0.846095526914,
403,0.506137184116,0.262815884477,0.0476534296029,0.64476534296,0.46714801444,0.468592057762,0.711913357401,0.995667870036,
404,0.618649965205,0.76617954071,0.759220598469,0.372999304106,0.791231732777,0.348643006263,0.663187195546,0.0640222686152,0.719554627697,0.790535838553,0.874739039666,0.978427279054,
405,0.826830937714,0.868583162218,0.521560574949,0.86173853525,0.845995893224,0.948665297741,0.663244353183,0.590691307324,0.851471594798,0.737850787132,0.724845995893,0.773442847365,0.635865845311,0.235455167693,
406,0.944596443228,0.843365253078,0.772913816689,0.71340629275,0.990424076607,0.945964432285,0.298905608755,0.359097127223,0.856361149111,0.659370725034,0.770861833105,0.675786593707,0.757865937073,0.644322845417,0.547879616963,0.937756497948,0.612859097127,0.532147742818,0.782489740082,0.282489740082,0.490424076607,0.545827633379,0.186730506156,0.932968536252,0.662106703146,0.543091655267,0.742818057456,0.628590971272,0.900136798906,0.253761969904,0.764021887825,0.655950752394,
407,0.590974212034,0.789398280802,0.859598853868,
408,0.426005747126,0.159482758621,0.969109195402,0.854166666667,0.619252873563,0.476293103448,0.515804597701,0.931034482759,0.936063218391,
409,0.550976138829,0.632682574114,0.905278380333,0.58568329718,0.762111352133,
411,0.187408491947,0.674963396779,0.674963396779,0.748169838946,0.921669106881,0.972181551977,0.88140556369,0.0168374816984,0.510980966325,0.794289897511,0.983162518302,0.830893118594,0.968521229868,0.673499267936,
412,0.751269035533,0.572878897752,0.723712835388,0.662799129804,0.268310369833,0.496011602611,0.604060913706,0.947063089195,0.641044234953,0.812907904278,0.938361131255,
413,0.820105820106,0.502645502646,0.846560846561,0.452003023432,0.654572940287,
414,0.971669218989,0.856814701378,0.812404287902,0.83078101072,0.963246554364,0.932618683002,0.490045941807,0.908116385911,
415,0.367149758454,0.0296756383713,0.706004140787,0.852311939268,0.618357487923,0.784679089027,0.751552795031,0.648723257419,0.340924775707,0.68391994479,0.83850931677,0.690131124914,0.83712905452,0.859213250518,0.67977915804,0.840579710145,
416,0.832627118644,0.901129943503,0.341807909605,0.860169491525,
417,0.592592592593,0.995726495726,0.779202279202,0.519230769231,0.461538461538,0.424501424501,0.633190883191,0.935897435897,
418,0.647558386412,0.975230007077,0.922859164897,0.11889596603,0.980184005662,0.970276008493,0.753715498938,0.941967445152,0.644019815994,0.544232130219,0.876857749469,0.795470629866,
419,0.61407249467,0.937455579247,0.838663823738,0.922530206112,0.973702914001,0.26368159204,0.707178393746,0.852167732765,0.939587775409,0.998578535892,0.791044776119,0.0348258706468,0.830845771144,
420,0.589060308555,0.754558204769,0.952314165498,0.853436185133,0.945301542777,
421,0.905092592593,0.859567901235,0.702932098765,0.62962962963,
422,0.98164405427,0.363926576217,
423,0.676313785225,0.548362528561,0.915460776847,0.83244478294,0.283320639756,0.928408225438,0.929169840061,0.619954303123,
424,0.974887892377,0.778475336323,0.435874439462,0.684304932735,0.954260089686,0.765022421525,0.0179372197309,
425,0.704968944099,0.624223602484,0.944875776398,
426,0.944927536232,0.309420289855,0.759420289855,0.928260869565,0.970289855072,0.0347826086957,0.348550724638,0.670289855072,0.872463768116,0.615217391304,0.522463768116,0.91884057971,0.490579710145,0.655072463768,0.873913043478,0.472463768116,
427,0.859318346628,0.759970993474,0.853517041334,0.853517041334,0.656997824511,0.638143582306,
428,0.0674157303371,0.622471910112,0.72734082397,0.984269662921,0.819475655431,0.83670411985,0.814232209738,0.244943820225,0.517602996255,0.268913857678,0.357303370787,0.19925093633,0.699625468165,
429,0.796735905045,0.114985163205,0.36646884273,0.857566765579,
430,0.701482004234,0.955539872971,0.9654199012,0.940719830628,0.729004940014,0.414961185603,0.346506704305,0.834156669019,0.251235003529,0.261115031757,0.342272406493,
431,0.678925035361,0.551626591231,0.131541725601,
432,0.762190547637,0.821455363841,
433,0.643400138217,0.148583275743,
434,0.827893175074,0.772255192878,0.836795252226,0.0853115727003,0.932492581602,0.926557863501,0.952522255193,0.814540059347,0.63056379822,
435,0.48,0.377777777778,0.998518518519,0.245925925926,0.78962962963,0.687407407407,0.823703703704,
436,0.921052631579,0.98506401138,
437,0.683211678832,0.153284671533,0.545255474453,0.34598540146,0.26204379562,0.557664233577,
438,0.838154269972,0.830578512397,0.901515151515,0.729338842975,0.653581267218,0.632920110193,
439,0.781118881119,0.838461538462,0.822377622378,0.621678321678,
440,0.672519083969,0.73358778626,0.46106870229,0.0725190839695,0.803053435115,0.984732824427,0.370229007634,0.961832061069,
441,0.368421052632,0.718535469108,0.687261632342,0.842105263158,0.777269260107,0.335621662853,0.819221967963,0.865751334859,0.806254767353,0.170099160946,0.968726163234,
442,0.396706586826,0.00224550898204,0.353293413174,0.596556886228,
443,0.254703328509,0.756150506512,0.821997105644,0.862518089725,0.82995658466,
444,0.731420161884,0.270787343635,
445,0.886167146974,0.984149855908,0.873198847262,
446,0.53125,0.130555555556,0.461111111111,
447,0.46771978022,0.856456043956,0.863324175824,0.449862637363,0.791208791209,0.242445054945,0.351648351648,0.446428571429,0.43956043956,0.919642857143,0.0460164835165,0.341346153846,0.749313186813,
448,0.187192118227,0.926812104152,0.62772695285,0.92118226601,
449,0.904934687954,0.730769230769,0.787373004354,0.908563134978,0.615384615385,0.568940493469,0.539912917271,0.316400580552,0.231494920174,
450,0.956490727532,0.0791726105563,0.81455064194,0.678316690442,0.644793152639,0.815263908702,0.484308131241,0.881597717546,
451,0.757793764988,
452,0.371242891958,0.190089358245,
453,0.836734693878,0.855631141345,0.699168556311,0.0136054421769,0.438397581255,
454,0.61989606533,0.853006681514,0.0200445434298,0.939123979213,0.492204899777,0.873051224944,
455,0.725694444444,0.954861111111,0.604861111111,0.86875,0.779861111111,0.341666666667,0.763888888889,0.63125,0.688194444444,0.663194444444,0.379861111111,0.890972222222,0.617361111111,0.763194444444,0.809722222222,0.925694444444,0.802777777778,
456,0.772099447514,0.448895027624,0.689226519337,0.771408839779,0.756906077348,0.647099447514,0.462016574586,
458,0.938127090301,0.922240802676,
459,0.759124087591,
460,0.440703902066,0.656465187452,0.921193573068,0.460596786534,0.482785003826,0.684009181331,0.14078041316,0.39403213466,0.634276970161,0.107115531752,0.533282325937,
461,0.291756272401,0.594982078853,0.468100358423,
462,0.759284731774,0.101100412655,0.821182943604,0.592159559835,0.767537826685,0.92984869326,0.647180192572,0.987620357634,0.643741403026,0.471801925722,0.88583218707,0.262035763411,0.900275103164,0.168500687758,0.918156808803,0.577028885832,0.357634112792,0.806052269601,0.654057771664,0.654057771664,0.91196698762,0.348693259972,0.997248968363,0.199449793673,0.317056396149,0.856258596974,
463,0.703883495146,0.873092926491,0.723300970874,0.0214979195562,
464,0.706997084548,0.836005830904,0.804664723032,
465,0.892036753446,0.430321592649,0.363705972435,0.438744257274,0.753445635528,
466,0.0241992882562,0.786476868327,0.700355871886,0.871174377224,0.920996441281,0.963701067616,
467,0.679206566347,0.755813953488,0.599863201094,0.309849521204,0.53488372093,0.738030095759,0.767441860465,0.986320109439,0.350205198358,0.225718194254,0.320793433653,0.449384404925,
468,0.821325648415,0.0317002881844,
469,0.810789679437,0.825645035184,0.91086786552,0.91086786552,0.91086786552,0.91086786552,0.802971071149,0.838154808444,0.888975762314,
470,0.68201754386,0.362573099415,0.316520467836,0.636695906433,0.701023391813,
471,0.654841093865,0.518107908352,0.444198078344,
472,0.853508095605,0.704703161141,0.574402467232,0.919814957594,0.794911333847,0.542791056284,0.77101002313,
473,0.963864306785,0.325958702065,0.0671091445428,0.55604719764,0.504424778761,0.466814159292,
474,0.0905233380481,0.51909476662,0.901697312588,0.807637906648,0.0968882602546,0.910891089109,0.53323903819,0.636492220651,0.832390381895,0.847949080622,
475,0.189617880317,0.572458543619,0.384282624369,0.356164383562,0.888968997837,0.356885364095,0.863734679164,0.315789473684,
476,0.360027378508,0.904859685147,0.733744010951,0.828884325804,0.66803559206,0.966461327858,0.263518138261,0.311430527036,0.755646817248,0.909650924025,0.832991101985,0.915811088296,0.995893223819,0.709787816564,0.913757700205,0.362080766598,0.338124572211,0.770704996578,0.892539356605,0.892539356605,0.818617385352,0.401095140315,1.0,
478,0.716104868914,0.877153558052,
479,0.73141654979,0.823983169705,0.791023842917,0.89270687237,0.61079943899,0.65427769986,0.706171107994,
480,0.454481792717,0.598739495798,
482,0.198494182067,0.720739219713,0.874743326489,0.547570157426,0.707734428474,0.352498288843,0.748802190281,0.587953456537,0.654346338125,0.770704996578,0.793292265572,0.852840520192,0.681040383299,0.237508555784,0.726214921287,0.720054757016,0.658453114305,
483,0.940244780418,0.589632829374,0.626349892009,0.592512598992,0.925845932325,
484,0.49537366548,0.962277580071,0.325266903915,0.753024911032,0.537366548043,0.562989323843,0.334519572954,0.508185053381,0.684697508897,0.949466192171,
485,0.668845315904,0.624546114742,0.860566448802,0.60348583878,0.41684822077,0.968772694263,
486,0.350077279753,0.959041731066,0.867851622875,0.0502318392581,0.910355486862,0.411128284389,0.49227202473,0.996136012365,
487,0.893767705382,0.601274787535,0.995750708215,0.837818696884,0.863314447592,
488,0.725174825175,0.0202797202797,0.193006993007,0.762237762238,0.594405594406,0.776923076923,0.671328671329,0.766433566434,0.699300699301,0.883916083916,
493,0.876266280753,0.3502170767,0.680897250362,0.812590448625,0.973227206946,
494,0.554749818709,0.769398114576,0.812182741117,0.18201595359,0.746192893401,0.445250181291,
495,0.645343367827,0.862652869238,0.684854186265,
496,0.937050359712,
499,0.720734506503,0.14078041316,0.14078041316,0.348890589135,0.348890589135,0.596786534047,0.532517214996,0.864575363428,0.988523335884,0.970160673298,
500,0.943918426803,0.764748725419,0.987618353969,0.573197378004,0.806263656227,0.495265841224,0.367079388201,0.794610342316,0.56518572469,0.0917698470503,0.0262199563001,0.273124544792,
501,0.764748201439,0.821582733813,0.471223021583,0.559712230216,0.187050359712,0.938129496403,0.669784172662,0.764028776978,0.174820143885,0.174820143885,0.174820143885,0.174820143885,0.174820143885,0.513669064748,0.294244604317,0.770503597122,0.963309352518,0.807913669065,0.665467625899,0.515827338129,0.994964028777,0.0877697841727,0.757553956835,0.746762589928,0.88273381295,
502,0.85262345679,0.85262345679,0.43287037037,0.990740740741,0.783179012346,0.381172839506,
503,0.821399839099,0.648431214803,0.795655671762,
504,0.797776233495,0.13064628214,0.822793606671,0.199444058374,0.752605976372,0.990271021543,
505,0.643882433356,0.615174299385,0.850991114149,0.375939849624,0.933014354067,0.860560492139,0.220779220779,
506,0.191053828658,0.61106899166,0.943896891585,0.744503411676,0.996209249431,
507,0.875368731563,0.506637168142,0.558997050147,0.848820058997,0.699115044248,0.634955752212,0.963126843658,0.812684365782,0.751474926254,0.294985250737,0.83185840708,0.56784660767,0.883480825959,0.725663716814,0.86209439528,0.94395280236,0.879793510324,0.329646017699,0.938790560472,0.325958702065,
508,0.834782608696,0.6,0.599275362319,0.984782608696,0.211594202899,0.739855072464,0.24347826087,0.878985507246,
509,0.657225853304,0.584604212055,0.0130718954248,0.687726942629,0.344952795933,0.81336238199,0.199709513435,
510,0.982663514578,0.735224586288,0.784081954295,
511,0.243471582181,0.681259600614,
512,0.807602792863,
513,0.534750613246,0.932951757972,0.261651676206,0.869991823385,0.563368765331,0.99100572363,
514,0.540450375313,0.907422852377,
515,0.985337243402,0.658357771261,0.66275659824,0.984604105572,0.115102639296,0.660557184751,
516,0.893736805067,0.587614356087,0.690358902182,0.61505981703,0.890921885996,0.94018296974,0.878254750176,
518,0.871735791091,0.0238095238095,0.86712749616,0.658986175115,0.879416282642,0.508448540707,0.993087557604,0.599078341014,0.271121351767,
519,0.406026962728,0.166534496431,0.980174464711,0.418715305313,0.921490880254,0.770023790642,0.83425852498,0.442505947661,0.946867565424,0.0721649484536,
520,0.704397981255,0.206921413122,0.821196827686,
521,0.866433566434,0.798601398601,0.582517482517,0.814685314685,0.851748251748,0.651048951049,0.44965034965,0.403496503497,0.772727272727,0.974825174825,0.986013986014,0.281818181818,0.963636363636,0.246153846154,0.439160839161,
522,0.755116959064,0.744883040936,0.94298245614,0.711988304094,0.734649122807,0.651315789474,0.55701754386,
523,0.285195936139,0.886066763425,0.534833091437,0.820029027576,0.540638606676,0.0370101596517,0.807692307692,
524,0.935416666667,0.90625,0.0840277777778,0.920833333333,0.834722222222,0.965972222222,
525,0.9654199012,0.416372618207,
526,0.898220640569,0.402135231317,0.859074733096,0.520284697509,
527,0.82581100141,0.127644569817,0.99365303244,
528,0.776034236805,
529,0.340559440559,0.790909090909,0.735664335664,0.732867132867,0.627272727273,0.844055944056,0.999300699301,0.855944055944,
531,0.716666666667,0.687121212121,
532,0.291696750903,0.283032490975,0.619494584838,
533,0.452517985612,0.78345323741,0.21654676259,
534,0.616758241758,0.611950549451,0.226648351648,0.804945054945,0.614010989011,0.261675824176,0.468406593407,0.453983516484,0.842032967033,0.721153846154,0.31456043956,0.926510989011,0.973214285714,0.53228021978,0.540521978022,0.769917582418,0.673076923077,0.759615384615,0.781593406593,0.832417582418,0.95260989011,0.85989010989,0.92239010989,0.938873626374,0.938873626374,0.220467032967,0.188873626374,0.653159340659,0.907967032967,0.771291208791,0.732142857143,0.801510989011,
535,0.205718270572,0.65760111576,0.612273361227,0.587168758717,0.697350069735,0.679916317992,0.804741980474,0.766387726639,0.350767085077,
536,0.430175438596,0.397192982456,0.979649122807,0.814035087719,0.828070175439,0.536842105263,0.851228070175,0.449824561404,0.684210526316,0.870175438596,0.87649122807,
537,0.758215962441,
538,0.771641791045,0.479850746269,
539,0.578263841422,0.804511278195,0.765550239234,0.955570745044,
540,0.704137392662,
541,0.854852320675,0.00168776371308,0.247257383966,0.272573839662,0.589029535865,0.943459915612,0.0329113924051,0.425316455696,0.794936708861,
542,0.637889688249,0.79376498801,
543,0.2874617737,0.903669724771,0.632262996942,0.752293577982,0.92125382263,0.996177370031,0.954128440367,
544,0.775119617225,0.295967190704,0.818181818182,0.683526999316,0.928229665072,0.794941900205,0.777170198223,0.844839371155,0.982228298018,0.723855092276,0.103212576897,0.713602187286,0.756664388243,0.736842105263,0.669172932331,0.686261107314,0.955570745044,0.784688995215,0.974025974026,0.789473684211,0.286397812714,0.791524265208,0.986329460014,0.842788790157,
545,0.443676572218,0.550794747754,0.894955079475,0.264685556323,0.589495507947,0.855563234278,
546,0.660726525017,0.888279643592,0.851267991775,0.786154900617,0.945853324195,0.618917066484,0.653872515422,
547,0.660970608339,0.35953520164,0.917976760082,0.650717703349,0.0956937799043,
548,0.863197026022,
549,0.520191649555,0.438740588638,0.943189596167,
550,0.556094182825,0.673822714681,0.47783933518,0.298476454294,0.808171745152,0.554709141274,
551,0.873669268985,0.576295244855,0.557842441448,0.572036905607,0.752306600426,0.917672107878,0.591199432221,0.620298083747,0.793470546487,0.738821859475,0.853797019163,0.983676366217,0.210078069553,0.812633073101,0.896380411639,0.953867991483,
552,0.908424908425,0.740659340659,0.303296703297,0.638827838828,0.652014652015,0.458608058608,0.810989010989,0.578754578755,0.315018315018,0.407326007326,0.764835164835,0.79706959707,0.424175824176,0.813186813187,0.970695970696,0.52380952381,0.590476190476,
553,0.11744266852,
554,0.414099931554,0.691991786448,
555,0.469670710572,0.690641247834,
556,0.862385321101,
557,0.915151515152,0.989393939394,
558,0.760935143288,
559,0.749074759437,0.60991857883,0.857883049593,0.951147298298,0.9955588453,0.236121391562,
560,0.539513677812,0.97188449848,
561,0.45720555962,0.717629846379,
562,0.158783783784,
563,0.879145173176,0.472365512159,0.622697126013,0.563743551953,
564,0.861393323657,0.917997097242,0.659651669086,0.749637155298,
565,0.029197080292,0.745255474453,
566,0.724637681159,0.870945479641,0.556935817805,0.167701863354,0.83850931677,
567,0.686301369863,0.93698630137,0.724657534247,0.625342465753,0.993150684932,
568,0.622237569061,0.819751381215,
569,0.703840472674,
571,0.760098928277,0.908491343776,
573,0.89780521262,0.417695473251,0.00411522633745,0.754458161866,0.938957475995,0.467764060357,0.345679012346,
574,0.802846975089,0.693238434164,
575,0.679245283019,
576,0.466389466389,0.316701316701,0.970200970201,0.803880803881,0.936243936244,0.686070686071,0.796950796951,0.634095634096,0.988218988219,0.988218988219,0.988218988219,0.998613998614,0.661815661816,0.864864864865,0.894663894664,0.948024948025,
578,0.583834909716,0.582115219261,
579,0.760483870968,0.0177419354839,0.937903225806,0.937096774194,0.0491935483871,
580,0.6712,0.9944,0.4352,0.9624,
581,0.751162790698,0.91007751938,0.308527131783,0.0116279069767,0.618604651163,
582,0.568253968254,0.878571428571,0.133333333333,0.513492063492,0.161111111111,0.569841269841,
583,0.463258785942,0.123003194888,0.150159744409,0.202076677316,0.13178913738,0.413738019169,
584,0.591178965225,0.782866836302,0.4631043257,0.152671755725,0.892281594572,
585,0.548320767649,0.341329677862,0.255654557916,0.794379712132,0.605209047293,0.479095270733,0.61000685401,0.0466072652502,0.290610006854,0.422892392049,0.978752570254,0.533927347498,0.51542152159,0.631254283756,0.79643591501,0.860178204249,0.864290610007,0.320767649075,
586,0.881297446515,0.817805383023,0.356107660455,0.743271221532,0.687370600414,0.962732919255,0.922015182885,0.79917184265,0.545203588682,0.875086266391,0.942719116632,0.532781228433,
587,0.473271560941,0.848895224519,0.655024946543,0.900926585887,0.823948681397,0.700641482537,0.771917320029,0.620812544547,0.682822523165,0.607270135424,0.861724875267,0.639344262295,0.689950106914,0.945117605132,0.327156094084,0.650035637919,0.335709194583,
588,0.896907216495,0.937457044674,0.46323024055,0.916151202749,0.231615120275,0.723711340206,0.846048109966,0.931271477663,0.545017182131,0.870790378007,0.258419243986,
590,0.830745341615,0.967391304348,
591,0.633972992182,0.948116560057,0.73987206823,0.457000710732,0.97867803838,0.783937455579,0.755508173419,0.904761904762,0.384506041222,0.663113006397,0.581378820185,0.754797441365,0.950248756219,
592,0.807228915663,0.208584337349,0.234186746988,0.70406626506,
593,0.708661417323,0.537795275591,
595,0.500727802038,0.0531295487627,
596,0.208100558659,0.716480446927,0.784217877095,0.717877094972,0.623603351955,0.882681564246,0.784916201117,0.738826815642,0.651536312849,0.985335195531,0.907122905028,0.728351955307,0.823324022346,0.585195530726,0.64874301676,0.662709497207,0.513268156425,0.513268156425,0.350558659218,
597,0.382165605096,0.983014861996,0.353149327672,0.920736022647,0.904458598726,0.536447275301,0.795470629866,0.374380750177,
598,0.802806499261,0.6329394387,
599,0.670857988166,0.181213017751,0.686390532544,0.828402366864,0.594674556213,0.644970414201,0.504437869822,0.76849112426,0.549556213018,0.805473372781,0.619822485207,
600,0.82796435915,0.856751199452,0.730637422892,0.973269362577,0.576422206991,
601,0.757088122605,0.84367816092,0.921072796935,
603,0.121611154144,0.445391169636,
605,0.616254416961,0.855830388693,0.229681978799,0.571024734982,0.327915194346,0.634628975265,0.785159010601,0.398586572438,0.46925795053,0.8925795053,0.626855123675,0.948409893993,0.756890459364,0.906007067138,0.0798586572438,
607,0.82328990228,0.651465798046,
608,0.810909090909,
610,0.0343773873186,
611,0.45044429255,0.671907040328,0.712235133288,0.972658920027,0.991797676008,0.969241285031,0.637047163363,0.514012303486,
612,0.962702322308,0.562983814215,0.485573539761,0.0830401125968,0.950035186488,0.465869106263,0.903589021816,0.705137227305,0.740323715693,0.912737508797,
614,0.159053833605,0.588091353997,
616,0.885714285714,
617,0.789934354486,0.912472647702,0.520787746171,
618,0.31432748538,0.474415204678,
619,0.818448023426,0.96046852123,0.47803806735,0.809663250366,0.724011713031,0.971449487555,
622,0.962074303406,0.661764705882,0.611455108359,0.869969040248,
623,0.535534816942,
624,0.711159737418,
625,0.675362318841,0.623913043478,0.822463768116,0.850724637681,0.894927536232,0.610144927536,
626,0.52591568763,
627,0.344725111441,0.287518573551,0.327637444279,
628,0.979703356753,0.102263856362,0.357533177205,0.701795472287,0.786104605777,0.955503512881,0.708821233411,0.630757220921,0.630757220921,0.630757220921,
629,0.456539398863,0.740861088546,0.902518277823,0.801787164907,
630,0.166926677067,
631,0.937358490566,0.56,0.686037735849,0.209056603774,0.527547169811,0.809056603774,
632,0.959214501511,0.83081570997,0.689577039275,0.799093655589,
633,0.218406593407,0.581043956044,0.264423076923,0.648351648352,0.996565934066,0.506181318681,0.705357142857,0.919642857143,0.844093406593,0.79739010989,0.971153846154,0.916208791209,
634,0.85910652921,0.320274914089,0.958762886598,0.211683848797,0.6735395189,0.208934707904,0.848797250859,0.907216494845,0.912714776632,0.59587628866,0.783505154639,0.576632302405,0.793127147766,0.549828178694,
635,0.632124352332,0.905995558845,0.757957068838,0.629903774981,0.708364174685,
636,0.413719943423,0.901697312588,0.338048090523,
637,0.866574009729,0.616400277971,
638,0.948201438849,0.326618705036,0.0237410071942,0.820863309353,
639,0.171565276828,0.365686944634,0.856459330144,0.172248803828,0.833219412167,0.600820232399,0.738892686261,0.775119617225,0.766917293233,0.520847573479,0.395078605605,0.851674641148,0.630895420369,0.925495557075,0.789473684211,0.628161312372,0.859193438141,0.758031442242,0.746411483254,0.764866712235,0.926179084074,0.65003417635,0.704032809296,0.47026657553,0.923444976077,0.400546821599,0.676691729323,
640,0.808661417323,0.361417322835,0.466141732283,0.848818897638,0.434645669291,0.68188976378,0.722834645669,0.682677165354,0.151181102362,
643,0.932260795936,0.598645215919,0.781541066892,0.718035563082,
644,0.971173644475,0.717913520933,0.415923129719,0.907343857241,0.328071379547,0.297185998627,0.331503088538,0.55387783116,0.901853122855,0.80370624571,0.985586822237,0.745367192862,0.686341798216,0.352779684283,0.70006863418,0.633493479753,0.787920384351,0.768016472203,0.989704873027,0.363761153054,
645,0.856924254017,0.97169089518,0.429992348891,0.833205814843,0.948737566947,
646,0.0606060606061,0.672579453067,0.873614190687,
647,0.450158227848,0.125791139241,0.67246835443,0.639240506329,0.783227848101,
648,0.797090352221,0.631699846861,0.494640122511,0.953292496172,0.850689127106,0.925727411945,0.744257274119,0.187595712098,
649,0.281529698942,0.653376729048,
651,0.458124552613,0.752326413744,0.69362920544,0.996420901933,0.269863994273,0.28775948461,0.556191839656,0.732283464567,0.955619183966,
652,0.130501930502,
653,0.937235543018,0.766572637518,0.952045133992,0.902679830748,0.779971791255,0.944992947814,0.711565585331,0.69605077574,0.82581100141,0.839210155148,0.181241184767,0.98730606488,0.631170662906,0.60437235543,0.469675599436,0.596614950635,0.620592383639,0.752468265162,0.605077574048,0.640338504937,0.399153737659,0.760225669958,0.509167842031,0.865303244006,0.2341325811,
654,0.665970772443,0.544189283229,0.494780793319,0.739735560195,0.964509394572,0.3583855254,0.874043145442,0.93180236604,0.975643702157,0.725121781489,0.562282533055,0.873347251218,0.859429366736,0.498956158664,0.647877522617,0.970772442589,0.450243562978,0.862908837857,
655,0.614794138172,0.732728541521,0.600139567341,0.490579204466,0.888346127006,0.720167480809,0.725750174459,0.571528262387,0.892533147244,0.671318911375,0.799023028611,0.869504535939,0.74040474529,0.935799023029,0.368457780879,0.974877878576,0.889043963712,0.921842288904,0.810886252617,0.95952547104,0.900209351012,0.86182833217,0.715282623866,
656,0.992987377279,0.704067321178,0.924964936886,0.178120617111,0.987377279102,0.62412342216,0.49649368864,0.802945301543,
657,0.961596385542,0.731927710843,0.831325301205,
658,0.0551005212211,0.569620253165,0.888309754281,0.778108711839,0.933730454207,0.98808637379,0.81757259866,
659,0.715806715807,
660,0.743243243243,0.566772655008,0.963434022258,0.670111287758,0.862480127186,0.328298887122,
661,0.625992779783,0.802888086643,0.939350180505,
662,0.612446958982,0.884016973126,0.75459688826,0.895332390382,0.953323903819,
665,0.953983516484,0.159340659341,0.690934065934,0.93956043956,0.960851648352,0.415521978022,0.697115384615,0.927884615385,
667,0.675977653631,0.540037243948,0.972067039106,0.281191806331,0.799813780261,0.622905027933,0.809124767225,
670,0.336762688615,0.780521262003,0.41426611797,0.807956104252,
671,0.925052047189,0.981263011797,0.888965995836,0.564191533657,0.58639833449,0.513532269257,0.83414295628,0.83414295628,0.83414295628,0.952116585704,0.952116585704,0.734212352533,0.860513532269,0.860513532269,0.844552394171,0.69812630118,0.742539902845,0.517002081888,0.517002081888,0.923664122137,0.0957668285913,0.911172796669,0.478834142956,0.743233865371,0.87092297016,0.709229701596,0.70853573907,
672,0.729748603352,0.83938547486,0.252793296089,0.911312849162,0.600558659218,0.456703910615,0.590083798883,0.549581005587,0.784916201117,0.817737430168,0.793994413408,0.892458100559,0.345670391061,0.345670391061,0.925977653631,0.449022346369,
673,0.748971193416,0.768861454047,0.712620027435,0.447873799726,0.835390946502,0.749657064472,0.434842249657,0.956790123457,0.814814814815,0.67146776406,0.966392318244,
674,0.37757909216,0.878266850069,0.752407152682,0.679504814305,0.621733149931,0.799862448418,0.882393397524,0.48280605227,0.755158184319,0.942228335626,
675,0.441364605544,0.974413646055,0.250177683014,0.250177683014,0.103056147832,
676,0.597402597403,0.567327409433,0.567327409433,0.404647983595,0.717019822283,0.875598086124,0.875598086124,0.64046479836,0.718386876282,0.718386876282,0.348598769651,0.685577580314,0.836637047163,0.836637047163,0.696514012303,0.98017771702,0.196855775803,0.725905673274,0.953520164046,0.953520164046,0.774436090226,0.915242652085,0.520847573479,0.814764183185,0.867395762133,0.797676008202,0.672590567327,0.801093643199,0.323308270677,0.788106630212,0.765550239234,0.607655502392,0.263157894737,0.833902939166,0.455228981545,0.276828434723,0.726589200273,0.887218045113,0.395078605605,0.697197539303,0.393711551606,0.840738209159,0.58988380041,0.636363636364,0.382775119617,0.0704032809296,0.490772385509,0.444976076555,0.374572795625,0.632946001367,0.687628161312,0.761449077239,0.761449077239,0.876965140123,0.52973342447,0.52973342447,0.52973342447,0.771701982228,0.820915926179,0.70950102529,0.795625427204,0.904306220096,0.651401230349,0.268626110731,0.984962406015,0.766233766234,0.828434723172,0.568694463431,0.95010252905,0.835953520164,0.578263841422,0.512645249487,0.52016404648,0.543403964457,0.165413533835,0.447710184552,0.451811346548,0.744360902256,0.6001367054,0.860560492139,0.692412850308,0.753246753247,0.620642515379,0.715652768284,0.643198906357,0.76965140123,0.653451811347,0.679425837321,0.679425837321,0.308270676692,0.676691729323,0.930963773069,0.803144224197,0.786056049214,0.603554340396,0.397129186603,0.0430622009569,0.822282980178,0.934381408066,0.612440191388,0.61995898838,0.600820232399,0.707450444293,0.157211209843,0.712918660287,0.712918660287,0.465481886535,0.465481886535,0.515379357485,0.319207108681,0.542720437457,0.757347915243,0.933697881066,0.356117566644,0.729323308271,0.663704716336,0.203691045796,0.961038961039,0.635680109364,0.829118250171,0.793574846206,0.221462747779,0.645933014354,0.138755980861,0.0649350649351,0.997265892003,0.428571428571,0.498974709501,0.669172932331,0.809295967191,0.743677375256,0.264524948735,0.606971975393,0.606971975393,0.909090909091,0.888585099111,0.741626794258,0.88038277512,0.706083390294,0.854408749146,0.921394395079,0.866712235133,0.628161312372,0.746411483254,0.775803144224,0.816814764183,0.91045796309,0.680792891319,0.368421052632,0.894736842105,0.505809979494,0.57963089542,0.974709501025,0.833219412167,0.514012303486,0.978127136022,0.892686261107,
687,0.902151283831,0.768216516308,0.950034698126,0.995142262318,0.224149895906,0.839000693963,0.917418459403,0.918806384455,0.594725884802,0.288688410826,0.845940319223,0.511450381679,0.800138792505,
688,0.722927557879,0.756534727409,0.810306198656,
689,0.765095729013,0.933726067747,0.536082474227,0.919734904271,0.419734904271,0.251104565538,0.79381443299,0.728276877761,
690,0.939097744361,0.36015037594,0.339097744361,0.336090225564,0.886466165414,
691,0.880640465793,0.78384279476,0.7365356623,
692,0.545914678236,
693,0.792873051225,0.853006681514,
694,0.886642599278,0.625992779783,0.792057761733,0.992057761733,0.684476534296,0.872202166065,0.0750902527076,0.913357400722,
695,0.600301659125,0.671945701357,0.994720965309,0.218702865762,0.498491704374,0.362745098039,0.123680241327,0.69532428356,0.761689291101,
696,0.873015873016,0.349206349206,0.746031746032,
697,0.479880774963,0.573770491803,0.296572280179,0.980625931446,0.859910581222,0.887481371088,0.565573770492,
698,0.334281650071,0.430298719772,0.640825035562,0.664295874822,0.824324324324,0.679943100996,
699,0.566763425254,0.522496371553,0.609579100145,0.609579100145,
702,0.800838574423,0.750524109015,
703,0.739715781601,0.347793567689,0.887808526552,0.655946148093,0.23784592371,0.807778608826,0.0755422587883,
704,0.784665579119,
705,0.11402027027,0.715371621622,0.748310810811,
706,0.794604003481,0.28546562228,0.805047867711,0.597040905135,0.638816362054,
707,0.128620102215,
710,0.807380073801,0.344649446494,
711,0.363716038563,0.998247151621,0.50657318142,0.50657318142,0.50657318142,
713,0.876636802205,0.820124052378,0.390764989662,
715,0.625097427903,0.357755261107,1.0,0.81917381138,0.639906469213,0.947778643804,0.893998441154,0.779423226812,
716,0.82740348221,0.379258137774,0.769871309614,0.808478425435,0.0605601816805,0.342165026495,
717,0.674017918677,0.871812543074,0.186078566506,0.50516884907,0.991040661613,
718,0.747404844291,0.479584775087,0.686505190311,
719,0.547601476015,0.884132841328,0.770479704797,0.476752767528,0.950553505535,0.284870848708,0.783025830258,0.775645756458,0.649446494465,0.879704797048,0.973431734317,
720,0.658219178082,0.667808219178,0.878767123288,0.787671232877,0.654109589041,0.890410958904,0.647945205479,0.480821917808,0.209589041096,0.421917808219,0.68904109589,0.739726027397,0.881506849315,0.852739726027,0.815753424658,0.0794520547945,0.814383561644,0.853424657534,0.480136986301,
721,0.986329460014,0.935748462064,0.788106630212,0.788106630212,0.384142173616,0.807928913192,0.6999316473,
722,0.58396682792,0.614374568072,0.760884588804,0.348997926745,0.797512093988,0.678645473393,0.821700069109,
723,0.741981468282,0.5965787598,0.823948681397,0.919458303635,0.737704918033,0.737704918033,0.794725588026,0.886671418389,0.820384889522,0.657875980043,
724,0.301587301587,
725,0.720877458396,0.64447806354,
726,0.918272937548,
727,0.680098684211,
728,0.0326241134752,0.845390070922,0.647517730496,0.112765957447,0.643262411348,0.679432624113,0.218439716312,0.703546099291,0.825531914894,0.824822695035,0.774468085106,0.618439716312,0.722695035461,0.805673758865,
729,0.944406314345,0.535346602608,0.886753603294,0.322580645161,0.536719286205,0.621139327385,0.518874399451,0.976664378861,0.38091969801,0.724776938916,0.855868222375,0.924502402196,0.609471516815,0.651338366507,0.544955387783,0.554564172958,
730,0.282174810736,0.99036476256,0.549896765313,0.856847900895,0.590502408809,0.617343427392,0.292498279422,0.732278045423,0.986923606332,
732,0.909623430962,
753,0.29649122807,0.760526315789,
754,0.330196078431,0.137254901961,0.453333333333,0.453333333333,0.916862745098,0.847843137255,0.912156862745,
756,0.0167427701674,
757,0.825825825826,0.912162162162,
758,0.165635738832,0.984192439863,0.449484536082,0.573195876289,0.963573883162,0.493470790378,0.93264604811,0.713402061856,0.903092783505,0.942268041237,
759,0.965517241379,0.720545977011,0.617097701149,0.612787356322,0.94683908046,0.964798850575,0.885775862069,0.96408045977,
760,0.533073929961,0.841245136187,0.841245136187,
761,0.954887218045,0.954887218045,0.354750512645,0.567327409433,0.533151059467,0.522898154477,0.896103896104,
763,0.36124567474,0.764705882353,0.313494809689,0.338408304498,0.753633217993,0.757093425606,
797,0.271305707584,0.408131352619,0.3315089914,0.0383111806099,0.105551211884,
802,0.716747070986,0.634734665748,0.645761543763,0.396967608546,
803,0.528081123245,0.0429017160686,0.244929797192,
804,0.864041604755,0.75705794948,0.921248142645,0.335066864785,0.531203566122,
805,0.764084507042,0.939436619718,
806,0.833684210526,0.981754385965,0.645614035088,0.493333333333,0.631578947368,0.917894736842,0.995789473684,
807,0.81388478582,
809,0.351443123939,0.248726655348,
811,0.589723320158,0.865612648221,0.373913043478,0.407114624506,0.407114624506,0.302766798419,0.543873517787,0.611067193676,0.641106719368,0.384980237154,0.767588932806,
812,0.71605789111,
813,0.922967189729,0.14907275321,0.638373751783,
815,0.737166324435,0.0485968514716,0.438056125941,0.668720054757,0.889117043121,0.741957563313,0.736481861739,0.892539356605,0.383983572895,0.684462696783,0.503080082136,0.716632443532,0.839151266256,0.680355920602,0.848049281314,
816,0.477464788732,
817,0.845522898154,0.845522898154,0.218045112782,0.795625427204,0.825700615174,0.70950102529,0.522214627478,0.383458646617,0.442925495557,
819,0.978723404255,0.771448181194,0.989704873027,0.934111187371,0.781056966369,0.650652024708,0.749485243651,0.671928620453,0.671928620453,0.732326698696,0.538778311599,0.444063143445,
820,0.680136986301,0.661643835616,0.0931506849315,0.832876712329,0.882191780822,0.993150684932,0.347260273973,0.574657534247,0.537671232877,0.893835616438,
821,0.566333808845,0.380171184023,0.614835948645,0.286019971469,0.370185449358,0.841654778887,0.516405135521,0.448644793153,0.925106990014,
822,0.977385159011,0.795053003534,0.908127208481,0.439575971731,0.906007067138,0.62332155477,
823,0.611500701262,0.666199158485,0.568022440393,0.730715287518,0.727208976157,0.609396914446,0.694249649369,0.18443197756,0.797335203366,0.324684431978,0.713884992987,0.619214586255,
824,0.748387096774,0.568458781362,0.568458781362,0.627956989247,0.831541218638,0.305376344086,0.997132616487,0.144086021505,0.687455197133,0.856630824373,0.381362007168,0.622222222222,0.764157706093,0.855913978495,0.383512544803,
825,0.12077294686,0.790660225443,
826,0.914634146341,0.698708751793,0.862984218077,
827,0.977355734112,0.704894083272,0.696128560993,0.589481373265,0.845142439737,0.63257852447,
828,0.750341997264,0.283857729138,0.972640218878,0.742134062927,0.508891928865,0.65047879617,0.469220246238,0.0725034199726,0.385772913817,0.627906976744,0.300273597811,0.254445964432,0.647742818057,0.974692202462,
829,0.975342465753,0.93698630137,0.92602739726,0.130136986301,0.970547945205,0.8,0.719863013699,0.213698630137,0.822602739726,0.697260273973,0.532876712329,0.885616438356,0.848630136986,0.922602739726,
830,0.712034383954,0.904727793696,0.347421203438,0.842406876791,0.535816618911,0.678366762178,0.999283667622,0.666905444126,0.777936962751,0.361031518625,0.361031518625,0.817335243553,0.817335243553,0.87893982808,0.106017191977,0.113180515759,0.600286532951,0.600286532951,0.547994269341,0.656160458453,0.968481375358,
832,0.459392945037,
833,0.450163398693,
835,0.802840434419,
837,0.787525702536,0.821795750514,0.722412611378,0.557916381083,0.533927347498,0.399588759424,0.823166552433,0.854694996573,0.348183687457,0.553118574366,0.862234407128,0.71898560658,0.585332419465,0.920493488691,0.779300891021,0.659355723098,
839,0.489405331511,0.654135338346,
842,0.286113049546,
843,0.420405209841,
846,0.951343500363,0.525054466231,0.484386347131,
847,0.927947598253,
