6,0.675934803452,
64,0.0602094240838,
138,0.503486750349,0.995815899582,0.882845188285,
154,0.429457364341,0.596899224806,0.972868217054,0.273643410853,0.976744186047,0.96976744186,0.119379844961,0.605426356589,
155,0.964122137405,0.679389312977,0.396946564885,0.854198473282,0.854198473282,0.83893129771,
156,0.147663551402,
157,0.692307692308,0.884615384615,
158,0.38875502008,0.700401606426,0.23453815261,0.180722891566,0.669879518072,0.745381526104,0.726907630522,0.591967871486,
159,0.874700718276,0.290502793296,0.991221069433,0.314445331205,0.598563447725,0.935355147646,0.237031125299,
187,0.599480968858,0.0475778546713,0.0510380622837,0.600346020761,
189,0.0702515177797,
196,0.163961038961,
197,0.522727272727,0.939882697947,0.428152492669,0.376099706745,0.99926686217,0.578445747801,0.928152492669,0.645894428152,0.624633431085,0.722140762463,0.711143695015,0.766129032258,
198,0.983036471586,0.713316369805,0.517387616624,0.655640373198,
199,0.954676952748,0.916104146577,
201,0.849112426036,0.821499013807,0.937869822485,0.563116370809,0.472386587771,
202,0.313888888889,0.0611111111111,
203,0.854867256637,0.141592920354,0.767256637168,
204,0.901740020471,0.709314227226,
205,0.529991047449,0.932855863921,0.945389435989,0.632945389436,0.11369740376,0.87466427932,0.213070725157,0.902417188899,0.466427931961,0.510295434199,
206,0.600159616919,0.74221867518,0.496408619314,0.575418994413,0.0391061452514,0.50518754988,0.471667996808,0.843575418994,
219,0.796178343949,
226,0.610921501706,0.764505119454,0.750853242321,
227,0.765749778172,0.731144631766,
229,0.447344734473,
230,0.327906976744,0.52015503876,0.400775193798,0.221705426357,0.0263565891473,0.494573643411,0.471317829457,0.568992248062,0.931007751938,0.484496124031,0.825581395349,0.820930232558,0.350387596899,0.773643410853,0.695348837209,0.936434108527,0.982945736434,0.399224806202,0.928682170543,0.576744186047,0.978294573643,0.815503875969,0.952713178295,0.846511627907,1.0,0.249612403101,0.464341085271,0.464341085271,0.455813953488,0.617829457364,0.531782945736,0.758139534884,0.270542635659,0.270542635659,0.270542635659,0.270542635659,0.550387596899,0.272868217054,0.951937984496,0.782945736434,0.951162790698,0.891472868217,0.896899224806,0.986046511628,0.741860465116,0.963565891473,
231,0.966747769667,0.311435523114,0.413625304136,0.971613949716,0.629359286294,0.0186536901865,0.482562854826,0.691808596918,0.827250608273,0.756690997567,0.708840227088,
232,0.8992,0.7488,0.612,0.8544,0.7352,0.816,0.6384,0.6496,0.0856,0.9592,
233,0.475524475524,
234,0.63132137031,0.0203915171289,0.991843393148,0.982871125612,0.902120717781,0.100326264274,0.878466557912,0.623164763458,
235,0.999131944444,0.839409722222,0.484375,0.878472222222,0.384548611111,
236,0.975986277873,0.0634648370497,0.406518010292,0.409948542024,
237,0.602040816327,0.670918367347,0.720238095238,0.30612244898,0.952380952381,0.894557823129,0.793367346939,0.0221088435374,0.360544217687,0.139455782313,0.769557823129,0.10119047619,0.948129251701,
239,0.892631578947,0.452631578947,
240,0.964912280702,
241,0.342490842491,0.0906593406593,
242,0.650632911392,
243,0.834295136026,0.79307502061,0.449299258038,0.331409727947,0.894476504534,0.0519373454246,0.537510305029,0.995877988458,0.417147568013,0.517724649629,0.877988458368,0.860676009893,0.528441879637,0.521846661171,0.636438582028,0.345424567189,0.821104699093,
244,0.272491349481,0.610726643599,0.782006920415,0.608996539792,
245,0.355450236967,0.890205371248,0.969194312796,0.515007898894,0.467614533965,0.86018957346,0.93522906793,0.0489731437599,0.917061611374,0.759083728278,0.864928909953,0.588467614534,0.626382306477,0.771721958926,0.424170616114,
246,0.031015037594,0.852443609023,0.0648496240602,
247,0.277419354839,0.447926267281,0.0276497695853,0.0258064516129,0.65069124424,
248,0.0627450980392,0.80862745098,0.92862745098,0.606274509804,0.913725490196,0.734117647059,0.774117647059,0.774117647059,
249,0.0602409638554,0.742354031511,0.356811862836,0.93234476367,0.422613531047,0.245597775718,0.112140871177,0.754402224282,0.979610750695,0.314179796108,
250,0.666909090909,0.428363636364,0.816,0.0181818181818,0.683636363636,0.392727272727,0.808,0.774545454545,0.112727272727,0.737454545455,0.981090909091,0.986181818182,0.610181818182,0.349818181818,0.975272727273,0.954909090909,0.778909090909,0.849454545455,0.388363636364,
251,0.129759129759,0.153846153846,0.445998445998,0.504273504274,0.687645687646,0.677544677545,
253,0.346265761397,0.60814742968,
254,0.939291736931,0.900505902192,
256,0.20325203252,0.876242095754,0.891598915989,0.239385727191,0.889792231256,0.960252935863,
257,0.770905923345,0.803135888502,0.650696864111,
258,0.907859078591,0.907859078591,
259,0.985915492958,0.213028169014,0.213028169014,0.237676056338,0.354753521127,0.354753521127,0.625,
260,0.820077220077,0.639382239382,0.823938223938,
261,0.890517241379,0.716379310345,
262,0.846381093058,0.789512555391,0.599704579025,0.364844903988,
263,0.179784589892,0.289975144988,0.64125932063,0.492957746479,0.77381938691,0.354598177299,0.941176470588,
264,0.17668161435,
265,0.152444870566,0.469798657718,
266,0.668784749801,0.441620333598,
267,0.733944954128,0.784820683903,0.421184320267,0.762301918265,0.250208507089,0.290241868224,0.649708090075,0.940783986656,
268,0.541791044776,0.476865671642,0.727611940299,0.491791044776,0.732835820896,0.899253731343,0.955223880597,0.546268656716,0.568656716418,0.731343283582,
269,0.472914875322,0.193465176268,0.378331900258,0.944969905417,0.595012897678,
271,0.614693877551,0.971428571429,
272,0.0958296362023,0.496007098492,
273,0.910849453322,0.873002523129,0.222035323802,0.429772918419,0.803195962994,
274,0.99843871975,0.99843871975,0.333333333333,0.693989071038,0.192818110851,0.363778298205,0.733801717408,0.340359094457,0.340359094457,0.158469945355,0.158469945355,0.984387197502,0.515222482436,0.515222482436,0.515222482436,0.515222482436,0.96018735363,0.752537080406,0.858704137393,0.946135831382,0.790788446526,
275,0.984902309059,0.322380106572,0.589698046181,0.0222024866785,0.802841918295,0.692717584369,0.558614564831,0.91296625222,0.874777975133,0.757548845471,0.470692717584,0.809058614565,0.53108348135,0.205150976909,0.58703374778,0.352575488455,0.932504440497,0.01243339254,
276,0.162711864407,0.114406779661,0.678813559322,
277,0.497557003257,0.745928338762,0.787459283388,0.875407166124,0.769543973941,0.631107491857,0.395765472313,
278,0.27280334728,0.55230125523,0.692050209205,0.882845188285,0.945606694561,0.891213389121,
279,0.806978470676,0.24276169265,0.368225686711,0.540460282108,0.85152190052,0.925018559762,0.907201187825,0.164068299926,0.974758723088,0.514476614699,0.798812175204,0.956198960653,0.238307349666,
280,0.501230516817,0.903199343724,0.337161607875,0.337161607875,0.12715340443,0.12715340443,
281,0.784517158819,0.617717478053,0.751795690343,0.671987230646,0.0694333599362,0.893854748603,0.177972865124,0.177972865124,
282,0.492139439508,0.5003417635,0.991797676008,0.615174299385,0.77033492823,0.519480519481,0.784688995215,0.0471633629528,0.926179084074,0.73000683527,0.526315789474,0.963089542037,
283,0.604499274311,0.204644412192,0.820754716981,0.484760522496,0.535558780842,0.535558780842,0.958635703919,0.958635703919,0.694484760522,0.396226415094,0.877358490566,0.473875181422,0.843251088534,0.855587808418,0.361393323657,0.361393323657,0.361393323657,0.361393323657,0.361393323657,0.886066763425,0.795355587808,0.810595065312,
284,0.937545388526,0.854756717502,0.790849673203,0.320261437908,0.311546840959,0.726942628903,0.289034132171,0.668119099492,0.216412490922,0.848220769789,0.932461873638,0.911401597676,
285,0.67681498829,0.67993754879,0.64012490242,0.83606557377,0.939890710383,0.704918032787,0.704918032787,0.535519125683,0.310694769711,0.792349726776,0.497267759563,0.15925058548,0.258391881343,
286,0.4547920434,0.00542495479204,0.23869801085,0.645569620253,0.783001808318,0.0705244122966,0.443037974684,0.499095840868,0.0913200723327,
287,0.226200873362,0.78864628821,0.117903930131,0.777292576419,0.877729257642,0.0270742358079,0.821834061135,
288,0.826306913997,0.785834738617,0.653456998314,
289,0.472608340147,0.247751430908,0.371218315617,0.176614881439,0.0768601798855,0.725265739984,0.725265739984,0.859362224039,0.117743254293,0.462796402289,0.917416189697,0.122649223222,0.818479149632,0.690106295993,
290,0.524639878696,0.821076573161,0.797573919636,0.785443517817,0.777862016679,0.742228961334,0.547384382108,0.991660348749,
291,0.992412746586,0.87253414264,0.965098634294,0.787556904401,0.0311077389985,0.64339908953,0.48937784522,0.760242792109,0.294385432473,0.573596358118,0.915781487102,0.821699544765,0.748103186646,0.469650986343,
292,0.806479859895,
293,0.789043336059,0.909239574816,0.990188062142,0.745707277187,0.989370400654,0.847097301717,0.654129190515,0.690106295993,
294,0.706101190476,0.92931547619,0.840029761905,0.764136904762,0.866071428571,0.631696428571,0.482886904762,0.256696428571,0.729166666667,0.783482142857,0.950148809524,0.875,0.954613095238,0.954613095238,0.520089285714,0.625744047619,0.972470238095,0.63318452381,0.761904761905,0.927827380952,0.834821428571,0.962797619048,0.214285714286,0.99255952381,
295,0.295068714632,0.409862570736,0.740501212611,0.829426030719,0.0517380759903,0.940986257074,0.460792239289,0.793047696039,0.513338722716,
296,0.734415029889,0.277540563621,0.0939368061486,0.227156276687,0.97096498719,0.883005977797,
297,0.759105960265,0.729304635762,0.980132450331,0.738410596026,0.586920529801,0.961092715232,0.545529801325,0.552152317881,0.995860927152,0.406456953642,0.680463576159,0.725993377483,0.769039735099,
298,0.291595197256,0.867924528302,0.615780445969,0.853344768439,0.910806174957,0.265866209262,
299,0.830962343096,0.75230125523,0.866108786611,0.65690376569,0.417573221757,
300,0.85652173913,0.869565217391,0.964347826087,0.454782608696,0.910434782609,0.999130434783,0.753043478261,0.0660869565217,0.984347826087,0.30347826087,0.600869565217,0.187826086957,0.793913043478,0.0330434782609,
301,0.999170124481,0.56265560166,0.55601659751,0.0199170124481,
302,0.720029239766,0.72514619883,0.976608187135,0.601608187135,0.957602339181,0.934941520468,0.165935672515,0.567251461988,0.698830409357,0.284356725146,0.608918128655,0.84649122807,0.93201754386,
303,0.944320712695,0.632516703786,0.334075723831,0.184112843356,0.77728285078,0.0638455827765,0.896807720861,0.939123979213,0.956198960653,0.881959910913,0.745360059391,0.782479584261,0.619153674833,0.864884929473,0.942093541203,0.891610987379,0.891610987379,0.813659985152,0.341499628805,0.553080920564,
304,0.923850574713,0.852729885057,0.910201149425,0.624281609195,0.507902298851,0.341235632184,0.862787356322,0.469827586207,0.664511494253,0.783045977011,0.97341954023,0.066091954023,0.709770114943,0.654454022989,0.887931034483,0.749281609195,0.655172413793,0.721982758621,0.340517241379,0.903017241379,0.994971264368,0.487068965517,
305,0.864150943396,0.505660377358,0.846037735849,0.785660377358,0.841509433962,0.984905660377,0.0588679245283,0.537358490566,
306,0.530343007916,0.530343007916,
308,0.288552507096,0.639545884579,0.382213812677,0.764427625355,0.79848628193,0.586565752129,0.708609271523,0.531693472091,
310,0.880952380952,0.771258503401,0.232993197279,0.339285714286,
311,0.248049921997,0.561622464899,0.882215288612,0.801092043682,0.982839313573,0.928237129485,0.563182527301,0.941497659906,0.180187207488,0.357254290172,0.919656786271,0.105304212168,
312,0.696031746032,0.771428571429,0.969841269841,0.805555555556,0.440476190476,0.375396825397,0.775396825397,0.90873015873,0.0412698412698,0.861111111111,0.913492063492,0.77619047619,
313,0.509366636931,0.479928635147,
314,0.518282988871,0.77186009539,0.126391096979,0.640699523052,0.505564387917,
315,0.525192143467,0.863364645602,
316,0.743775100402,0.526907630522,0.473092369478,0.78313253012,0.912449799197,0.812851405622,0.506024096386,0.587951807229,0.963855421687,0.759036144578,0.727710843373,0.560642570281,
317,0.155339805825,0.502427184466,0.901294498382,0.62783171521,0.438511326861,0.515372168285,
318,0.00535236396075,0.622658340767,0.205173951829,0.938447814451,0.673505798394,0.492417484389,0.526315789474,0.347011596789,
319,0.446826758148,0.373070325901,0.72641509434,
320,0.486465583913,0.61716937355,0.973704563032,0.147718484145,0.0982211910286,0.737819025522,0.569992266048,
322,0.682739343117,0.876310272537,0.410202655486,0.643605870021,0.794549266247,0.850454227813,0.593291404612,0.380852550664,0.82180293501,0.888190076869,0.636617749825,0.647798742138,0.616352201258,0.468902865129,0.978336827393,
323,0.956721915285,0.956721915285,0.956721915285,0.956721915285,0.878453038674,
325,0.376744186047,0.376744186047,0.376744186047,0.376744186047,0.376744186047,0.379069767442,
327,0.791131855309,
328,0.897695852535,
329,0.650263620387,0.912126537786,0.776801405975,
330,0.962924819773,0.521112255407,0.872296601442,0.284243048404,
333,0.397759103641,
334,0.775444264943,
335,0.543657331137,0.112026359143,0.683690280066,
336,0.90866873065,0.855263157895,0.855263157895,0.571981424149,0.481424148607,0.248452012384,0.899380804954,0.823529411765,
337,0.5625,0.448302469136,0.766975308642,0.766975308642,0.89737654321,0.915895061728,0.25,0.72762345679,0.603395061728,0.4375,0.70987654321,
338,0.522913256956,0.400981996727,0.685761047463,0.558919803601,0.484451718494,0.644026186579,0.987725040917,0.882978723404,0.834697217676,0.0752864157119,0.330605564648,0.926350245499,0.96317512275,0.91325695581,0.443535188216,0.757774140753,
339,0.618923611111,0.848090277778,0.6875,0.521701388889,0.521701388889,0.624131944444,0.572916666667,0.709201388889,0.917534722222,0.796006944444,0.78125,0.960069444444,
340,0.844269466317,
341,0.683254344392,0.5,0.5,0.973933649289,0.0315955766193,0.757503949447,0.584518167457,0.699842022117,0.725118483412,0.514218009479,0.984992101106,0.931279620853,0.141390205371,0.567140600316,0.972353870458,0.812006319115,0.701421800948,
342,0.78665568369,0.679571663921,
343,0.749608763693,0.929577464789,0.737089201878,0.917057902973,0.377151799687,0.625195618153,0.321596244131,0.117370892019,0.928794992175,0.304381846635,0.857589984351,0.796557120501,0.885758998435,
344,0.975417032485,0.804214223003,0.722563652327,0.308165057068,0.595258999122,
345,0.0403146509341,0.264503441495,0.889872173058,
346,0.734241908007,0.0630323679727,0.672913117547,0.236797274276,0.579216354344,
347,0.0631938514091,0.315969257045,0.964987190436,0.744662681469,
348,0.556818181818,
349,0.949545078577,0.982630272953,0.714640198511,0.919768403639,0.582299421009,
351,0.588516746411,0.503349282297,
352,0.0304932735426,0.715695067265,
353,0.859482758621,0.689655172414,0.710344827586,0.950862068966,0.786206896552,
354,0.701372074253,
355,0.924479166667,0.934027777778,0.834201388889,0.559027777778,
356,0.237933954276,0.840812870449,0.486875529213,0.681625740898,0.642675698561,0.740050804403,0.402201524132,0.949195596952,0.213378492803,0.430990685859,0.482641828959,0.906858594412,
357,0.755642023346,0.752529182879,0.860700389105,0.322178988327,0.845914396887,0.64046692607,
358,0.0165876777251,0.0837282780411,0.472353870458,
359,0.669797687861,0.174855491329,0.885838150289,0.684971098266,0.986271676301,0.549132947977,0.85549132948,0.750722543353,0.628612716763,0.852601156069,0.820086705202,0.673410404624,0.265895953757,0.0014450867052,0.48049132948,0.535404624277,0.304190751445,0.514450867052,
360,0.340460526316,0.934210526316,0.773848684211,0.757401315789,0.401315789474,0.592927631579,0.784539473684,0.964638157895,
361,0.268792710706,0.596810933941,0.748671222475,0.72741078208,0.771450265756,0.892938496583,0.301442672741,0.583143507973,0.0964312832194,0.526955201215,0.770690964313,0.599848139711,0.784358390281,0.662110858011,0.918754745634,0.725892179195,0.145785876993,0.32953682612,0.717539863326,0.660592255125,0.794229309036,
362,0.526632302405,0.190721649485,
363,0.654941373534,0.30067001675,0.638190954774,
364,0.446381865737,0.972972972973,0.979075850044,0.957279860506,0.109851787271,0.785527462947,0.613775065388,0.980819529207,
365,0.983435047951,0.918047079337,0.687881429817,0.423714036617,0.246730601569,0.8160418483,
366,0.891089108911,0.927157001414,0.246110325318,0.464639321075,0.876237623762,0.693776520509,0.68882602546,0.364922206506,0.629420084866,0.217821782178,0.769448373409,0.350777934936,0.446251768034,0.753889674682,0.475954738331,0.181046676096,0.587694483734,
367,0.799839871898,
368,0.429991714996,0.736536868268,0.492129246065,0.799502899751,0.120132560066,0.621375310688,0.55758077879,0.484672742336,0.169842584921,0.886495443248,0.232808616404,0.716652858326,
369,0.768911055694,0.024106400665,0.580216126351,0.684954280964,
370,0.914170040486,0.612955465587,0.813765182186,
371,0.992826398852,0.946915351506,0.632711621234,0.787661406026,0.286226685796,0.664992826399,0.631276901004,0.638450502152,0.705164992826,0.955523672884,0.711621233859,0.216642754663,0.532281205165,
372,0.86308623298,
373,0.906624102155,0.289704708699,0.855546687949,0.331205107741,0.782920989625,0.521947326417,
376,0.840568271507,0.990528808208,0.0213101815312,0.0765588003157,0.779794790845,
377,0.97433903577,0.798600311042,0.96034214619,0.954898911353,0.865474339036,0.0707620528771,
378,0.324242424242,0.765151515152,0.196212121212,0.648484848485,0.990151515152,
379,0.73374340949,0.622144112478,
380,0.801412872841,0.985086342229,0.803767660911,0.393249607535,0.973312401884,0.783359497645,0.897959183673,0.921507064364,0.346153846154,0.235478806907,0.549450549451,
381,0.0987748851455,0.59954058193,0.986983154671,0.559724349158,0.56584992343,0.837672281776,0.909647779479,0.480091883614,
382,0.51012145749,0.837246963563,0.574898785425,0.925506072874,0.860728744939,0.191093117409,0.0931174089069,0.999190283401,0.0761133603239,0.586234817814,0.87044534413,
383,0.872388059701,0.594776119403,0.644029850746,0.114925373134,0.399253731343,0.849253731343,0.941791044776,0.167164179104,0.284328358209,0.0373134328358,0.673880597015,0.436567164179,0.915671641791,0.361940298507,
384,0.55106888361,0.856690419636,0.411718131433,0.204275534442,0.675376088678,0.579572446556,
386,0.765079365079,0.860317460317,0.630952380952,
387,0.0151757188498,0.026357827476,0.769968051118,0.132587859425,0.86661341853,0.5,0.547124600639,0.768370607029,0.849041533546,0.0255591054313,
388,0.448033707865,0.95856741573,0.884129213483,0.700140449438,0.926966292135,0.606741573034,0.372191011236,0.97893258427,1.0,0.0877808988764,0.925561797753,0.494382022472,0.982443820225,0.230337078652,0.570224719101,0.729634831461,0.973314606742,0.702247191011,0.832162921348,0.738061797753,0.609550561798,
389,0.795568263045,0.812008577555,0.611865618299,0.587562544675,0.467476769121,0.99070764832,
390,0.869661266568,0.954344624448,0.913843888071,0.718703976436,0.922680412371,0.927098674521,0.787187039764,0.703976435935,0.696612665685,0.981590574374,0.530191458027,
391,0.930511182109,
392,0.800778210117,0.922178988327,0.881712062257,0.775875486381,
393,0.305654974946,0.869005010737,0.695776664281,0.891195418754,0.644953471725,0.636363636364,0.864710093057,0.365783822477,0.566213314245,0.744452397996,0.866141732283,0.904080171797,0.409448818898,0.739441660702,0.938439513243,0.355762347888,0.821045096636,0.889047959914,0.682176091625,0.727988546886,0.947029348604,0.835361488905,0.518253400143,0.822476735863,0.705082319256,0.719398711525,0.574803149606,0.93987115247,0.677881173944,
394,0.528931750742,0.949554896142,0.728486646884,0.338278931751,0.672848664688,0.0964391691395,0.709198813056,0.511869436202,0.988872403561,0.980712166172,0.622403560831,0.83234421365,0.686201780415,0.646142433234,0.871661721068,0.36350148368,
395,0.762068965517,0.784827586207,0.473793103448,0.58275862069,0.0710344827586,0.531034482759,0.191034482759,0.863448275862,0.82275862069,1.0,0.981379310345,0.759310344828,0.975862068966,0.654482758621,0.691034482759,0.8,0.707586206897,0.828965517241,0.853103448276,0.93724137931,0.817931034483,0.739310344828,0.875172413793,0.782068965517,0.782068965517,0.748275862069,0.532413793103,0.696551724138,0.778620689655,0.807586206897,
396,0.492742551566,0.0190985485103,0.391138273491,0.68601986249,0.525592055004,0.769289533995,0.877769289534,
397,0.689898198904,0.548942834769,0.820673453406,0.861393891934,0.523101018011,0.729052466719,
398,0.427226647357,0.802317161477,0.557566980449,0.992034757422,0.439536567705,0.76321506155,0.847936278059,0.716871832006,0.931933381608,0.851556842867,0.415640839971,0.395365677046,0.880521361332,0.521361332368,0.627805937726,0.998551774077,0.929761042723,0.722664735699,0.827661115134,
399,0.90625,0.71112804878,0.71493902439,0.462652439024,0.480182926829,
400,0.837074583635,0.990586531499,0.613323678494,0.654598117306,0.737146994931,0.824764663287,
401,0.3421875,0.64765625,0.86484375,0.96328125,0.87578125,
402,0.794590025359,0.803043110735,
403,0.442016806723,0.0915966386555,0.00420168067227,0.428571428571,0.371428571429,0.361344537815,0.559663865546,0.993277310924,
404,0.597087378641,0.817961165049,0.781553398058,0.349514563107,0.796925566343,0.245954692557,0.601132686084,0.0825242718447,0.720064724919,0.611650485437,0.985436893204,0.843851132686,
405,0.860614724803,0.864903502502,0.467476769121,0.897069335239,0.969263759828,0.950679056469,0.693352394568,0.629020729092,0.954967834167,0.806290207291,0.772694781987,0.67047891351,0.585418155826,0.206576125804,
406,0.927259887006,0.886299435028,0.806497175141,0.564971751412,0.962570621469,0.938559322034,0.281073446328,0.295903954802,0.835451977401,0.595338983051,0.766242937853,0.785310734463,0.735875706215,0.591807909605,0.508474576271,0.917372881356,0.691384180791,0.530367231638,0.710451977401,0.262005649718,0.470338983051,0.478813559322,0.144774011299,0.972457627119,0.716101694915,0.680084745763,0.697033898305,0.593926553672,0.915960451977,0.245056497175,0.763418079096,0.733050847458,
407,0.402347024308,0.764459346186,0.909471919531,
408,0.496460176991,0.0566371681416,0.969026548673,0.843362831858,0.534513274336,0.385840707965,0.465486725664,0.86017699115,0.909734513274,
409,0.656488549618,0.791984732824,0.915076335878,0.471374045802,0.564885496183,
411,0.0637254901961,0.599673202614,0.599673202614,0.825980392157,0.785130718954,0.883169934641,0.899509803922,0.0727124183007,0.963235294118,0.936274509804,0.982843137255,0.843954248366,0.90931372549,0.576797385621,
412,0.802459016393,0.579508196721,0.719672131148,0.658196721311,0.138524590164,0.411475409836,0.632786885246,0.990163934426,0.648360655738,0.915573770492,0.997540983607,
413,0.922099915326,0.43183742591,0.845893310754,0.471634208298,0.675698560542,
414,0.936115843271,0.891822827939,0.696763202726,0.849233390119,0.862010221465,0.927597955707,0.531516183986,0.831345826235,
415,0.396382818387,0.0113036925396,0.776940467219,0.960813865863,0.651092690279,0.903541823662,0.584024114544,0.669932177845,0.376036171816,0.580256217031,0.764883195177,0.695553880934,0.929163526752,0.941974378297,0.578749058026,0.913338357197,
416,0.805031446541,0.955188679245,0.346698113208,0.796383647799,
417,0.648555708391,0.755158184319,0.805364511692,0.59628610729,0.503438789546,0.528198074278,0.676066024759,0.993122420908,
418,0.640357408786,0.890543559196,0.954579300074,0.1191362621,0.800446760983,0.769173492182,0.705882352941,0.884586746091,0.641102010424,0.502606105733,0.803425167535,0.874162323157,
419,0.626515151515,0.979545454545,0.662878787879,0.873484848485,0.957575757576,0.254545454545,0.67803030303,0.84696969697,0.92803030303,0.904545454545,0.734848484848,0.0818181818182,0.766666666667,
420,0.589869281046,0.68545751634,0.878267973856,0.924836601307,0.960784313725,
421,0.701073492981,0.878612716763,0.907514450867,0.905037159372,
422,0.838808250573,0.501909854851,
423,0.725806451613,0.520336605891,0.888499298738,0.942496493689,0.490883590463,0.978260869565,0.941795231417,0.680224403927,
424,0.956155143339,0.81197301855,0.514333895447,0.846543001686,0.980607082631,0.865935919056,0.00168634064081,
425,0.74188034188,0.633333333333,0.773504273504,
426,0.831288343558,0.348926380368,0.497699386503,0.914877300613,0.998466257669,0.246932515337,0.374233128834,0.544478527607,0.881901840491,0.631134969325,0.575153374233,0.825153374233,0.500766871166,0.592791411043,0.943251533742,0.615030674847,
427,0.79854368932,0.714401294498,0.822815533981,0.822815533981,0.458737864078,0.502427184466,
428,0.00137080191912,0.681973954764,0.895819054147,0.92186429061,0.769705277587,0.941740918437,0.98492117889,0.251542152159,0.449623029472,0.287868403016,0.477724468814,0.29677861549,0.635366689513,
429,0.80679933665,0.0107794361526,0.232172470978,0.950248756219,
430,0.764984227129,0.872239747634,0.918769716088,0.997634069401,0.809936908517,0.344637223975,0.249211356467,0.98738170347,0.126971608833,0.104100946372,0.309148264984,
431,0.654517843584,0.557327258922,0.127562642369,
432,0.752755905512,0.772440944882,
433,0.61007751938,0.0790697674419,
434,0.781701444623,0.750401284109,0.772873194222,0.0144462279294,0.893258426966,0.89165329053,0.955858747994,0.68378812199,0.621990369181,
435,0.498048399688,0.357533177205,0.99843871975,0.191256830601,0.7962529274,0.695550351288,0.838407494145,
436,0.974704890388,0.997470489039,
437,0.649920255183,0.018341307815,0.477671451356,0.257575757576,0.139553429027,0.577352472089,
438,0.733883058471,0.857571214393,0.785607196402,0.671664167916,0.64167916042,0.619190404798,
439,0.681335356601,0.93095599393,0.822458270106,0.603945371775,
440,0.404593639576,0.704946996466,0.522084805654,0.0371024734982,0.743816254417,0.877208480565,0.31183745583,0.758833922261,
441,0.208474576271,0.721186440678,0.69406779661,0.942372881356,0.886440677966,0.248305084746,0.893220338983,0.934745762712,0.855084745763,0.109322033898,0.910169491525,
442,0.39209486166,0.0276679841897,0.293280632411,0.696442687747,
443,0.135201978566,0.649629018961,0.804616652927,0.661995053586,0.932399010717,
444,0.702479338843,0.254545454545,
445,0.958003169572,0.856576862124,0.80824088748,
446,0.49237804878,0.130335365854,0.478658536585,
447,0.371475953566,0.94776119403,0.870646766169,0.318407960199,0.758706467662,0.143449419569,0.174129353234,0.396351575456,0.422885572139,0.749585406302,0.0298507462687,0.305140961857,0.813432835821,
448,0.0605564648118,0.871522094926,0.560556464812,0.925531914894,
449,0.802287581699,0.633986928105,0.744281045752,0.985294117647,0.799836601307,0.460784313725,0.481209150327,0.18954248366,0.117647058824,
450,0.970820189274,0.0307570977918,0.720820189274,0.655362776025,0.60094637224,0.895110410095,0.552839116719,0.941640378549,
451,0.96279491833,
452,0.410729991205,0.106420404573,
453,0.727195225916,0.717817561807,0.691389599318,0.0562659846547,0.417732310315,
454,0.409052092229,0.777113578138,0.0452604611443,0.908625106746,0.440649017933,0.809564474808,
455,0.530986993114,0.909716908952,0.548584544759,0.947207345065,0.761285386381,0.33817903596,0.580719204285,0.615149196634,0.583014537108,0.635042081102,0.301453710788,0.837031369549,0.61285386381,0.667176740627,0.684774292272,0.888293802601,0.566182096404,
456,0.789934354486,0.366156090445,0.661560904449,0.887673231218,0.865061998541,0.595185995624,0.363967906637,
458,0.865198237885,0.840528634361,
459,0.971905179982,
460,0.467702371218,0.56827473426,0.807031888798,0.449713818479,0.425183973835,0.688470973017,0.121013900245,0.359771054783,0.474243663123,0.107113654947,0.558462796402,
461,0.164094232331,0.523151909017,0.440292445167,
462,0.915037593985,0.0172932330827,0.900751879699,0.521052631579,0.853383458647,0.936090225564,0.51954887218,0.959398496241,0.539097744361,0.455639097744,0.891729323308,0.212781954887,0.75037593985,0.0774436090226,0.79022556391,0.523308270677,0.347368421053,0.855639097744,0.812030075188,0.812030075188,0.808270676692,0.33984962406,0.845112781955,0.114285714286,0.286466165414,0.753383458647,
463,0.566940912491,0.967838444278,0.528795811518,0.124158563949,
464,0.872516556291,0.537251655629,0.809602649007,
465,0.951480263158,0.429276315789,0.393914473684,0.425164473684,0.703947368421,
466,0.181132075472,0.603018867925,0.723018867925,0.990943396226,0.970566037736,0.757735849057,
467,0.69512195122,0.720229555237,0.616212338594,0.270444763271,0.502152080344,0.753945480631,0.692969870875,0.895982783357,0.320659971306,0.191535150646,0.283357245337,0.406025824964,
468,0.891594658288,0.095051060487,
469,0.675609756098,0.737398373984,0.952032520325,0.952032520325,0.952032520325,0.952032520325,0.769105691057,0.620325203252,0.90406504065,
470,0.602905569007,0.245359160613,0.273607748184,0.662631154157,0.64406779661,
471,0.577405857741,0.529707112971,0.364853556485,
472,0.792777300086,0.489251934652,0.434221840069,0.944969905417,0.710232158212,0.450558899398,0.929492691316,
473,0.992730210016,0.293214862682,0.0016155088853,0.415185783522,0.530694668821,0.419224555735,
474,0.000762776506484,0.585049580473,0.926773455378,0.710907704043,0.105263157895,0.867276887872,0.386727688787,0.706331045004,0.935163996949,0.781083142639,
475,0.0285714285714,0.524081632653,0.219591836735,0.315918367347,0.928979591837,0.239183673469,0.907755102041,0.246530612245,
476,0.343703703704,0.81037037037,0.828888888889,0.797037037037,0.651111111111,0.941481481481,0.219259259259,0.256296296296,0.543703703704,0.788888888889,0.798518518519,0.898518518519,0.962962962963,0.71037037037,0.995555555556,0.314074074074,0.27037037037,0.865925925926,0.737777777778,0.737777777778,0.801481481481,0.382962962963,0.902962962963,
478,0.592560553633,0.989619377163,
479,0.759303246239,0.904988123515,0.537608867775,0.903404592241,0.522565320665,0.635787806809,0.749010292953,
480,0.428459734167,0.52228303362,
482,0.181754385965,0.785263157895,0.929122807018,0.578245614035,0.690526315789,0.378245614035,0.809824561404,0.618245614035,0.573333333333,0.748070175439,0.842807017544,0.966315789474,0.586666666667,0.225964912281,0.857543859649,0.675789473684,0.704561403509,
483,0.910040160643,0.654618473896,0.732530120482,0.555020080321,0.745381526104,
484,0.318074191002,0.903709550118,0.298342541436,0.673243883189,0.352012628256,0.508287292818,0.28729281768,0.449881610103,0.650355169692,0.966061562747,
485,0.738805970149,0.572968490879,0.883084577114,0.71144278607,0.357379767828,0.781094527363,
486,0.294166666667,0.945,0.808333333333,0.0808333333333,0.901666666667,0.368333333333,0.4075,0.874166666667,
487,0.707592891761,0.631663974152,0.931340872375,0.786752827141,0.914378029079,
488,0.621922160445,0.114376489277,0.158061953932,0.739475774424,0.549642573471,0.801429706116,0.498808578237,0.644956314535,0.62271644162,0.775218427323,
493,0.899022801303,0.224755700326,0.839576547231,0.682410423453,0.915309446254,
494,0.457613168724,0.782716049383,0.565432098765,0.0814814814815,0.656790123457,0.433744855967,
495,0.79958677686,0.729338842975,0.854338842975,
496,0.85952848723,
499,0.63856427379,0.0918196994992,0.0918196994992,0.285475792988,0.285475792988,0.474958263773,0.5183639399,0.88898163606,0.994156928214,0.999165275459,
500,0.836378737542,0.535714285714,0.975913621262,0.52657807309,0.738372093023,0.43438538206,0.281561461794,0.828903654485,0.437707641196,0.133720930233,0.0215946843854,0.168604651163,
501,0.648626817447,0.910339256866,0.440226171244,0.5549273021,0.107431340872,0.980613893376,0.722940226171,0.735056542811,0.142164781906,0.142164781906,0.142164781906,0.142164781906,0.142164781906,0.406300484653,0.195476575121,0.70113085622,0.833602584814,0.657512116317,0.51211631664,0.537964458805,0.963651050081,0.0250403877221,0.686591276252,0.553311793215,0.819870759289,
502,0.791917454858,0.791917454858,0.363714531384,0.981083404987,0.519346517627,0.245915735168,
503,0.671304347826,0.669565217391,0.717391304348,
504,0.799031476998,0.00242130750605,0.942695722357,0.0855528652139,0.717514124294,0.981436642454,
505,0.58031442242,0.431989063568,0.766917293233,0.436773752563,0.867395762133,0.828434723172,0.231715652768,
506,0.0326180257511,0.528755364807,0.917596566524,0.957081545064,0.996566523605,
507,0.870033112583,0.345198675497,0.548841059603,0.955298013245,0.782284768212,0.587748344371,0.952814569536,0.91142384106,0.772350993377,0.177152317881,0.934602649007,0.504139072848,0.96357615894,0.73178807947,0.715231788079,0.855132450331,0.71357615894,0.28559602649,0.778973509934,0.311258278146,
508,0.686320754717,0.482704402516,0.599842767296,0.935534591195,0.0794025157233,0.626572327044,0.220911949686,0.911163522013,
509,0.738498789346,0.572235673931,0.00322841000807,0.831315577078,0.339790153349,0.885391444713,0.0379338175948,
510,0.826855123675,0.666961130742,0.77296819788,
511,0.174248927039,0.80686695279,
512,0.718480138169,
513,0.436331255565,0.926090828139,0.26803205699,0.917186108638,0.511130899377,0.936776491541,
514,0.472146118721,0.594520547945,
515,0.7533632287,0.877130044843,0.874439461883,0.867264573991,0.192825112108,0.820627802691,
516,0.996581196581,0.551282051282,0.626495726496,0.560683760684,0.871794871795,0.903418803419,0.470085470085,
518,0.993613138686,0.0246350364964,0.738138686131,0.685218978102,0.729927007299,0.416058394161,0.959854014599,0.514598540146,0.21897810219,
519,0.324156305506,0.0781527531083,0.853463587922,0.399644760213,0.88188277087,0.833925399645,0.665186500888,0.365008880995,0.658081705151,0.0195381882771,
520,0.798605731991,0.151820294345,0.738187451588,
521,0.823387096774,0.79435483871,0.420967741935,0.533870967742,0.966129032258,0.665322580645,0.407258064516,0.357258064516,0.645161290323,0.870967741935,0.973387096774,0.235483870968,0.762903225806,0.154032258065,0.372580645161,
522,0.645619573796,0.861878453039,0.854775059195,0.726913970008,0.734017363852,0.576953433307,0.52091554854,
523,0.257336343115,0.896162528217,0.52144469526,0.924755455229,0.509405568096,0.0684725357412,0.814898419865,
524,0.951694304254,0.88752703677,0.0793078586878,0.837779379957,0.955299206921,0.930785868782,
525,0.952344931921,0.32602118003,
526,0.893798449612,0.37984496124,0.923255813953,0.416279069767,
527,0.734819369716,0.0461183704842,0.805534204458,
528,0.908293460925,
529,0.289026275116,0.814528593509,0.63601236476,0.809891808346,0.554095826893,0.556414219474,0.829211746522,0.924265842349,
531,0.653136531365,0.578597785978,
532,0.172950819672,0.295901639344,0.603278688525,
533,0.362416107383,0.652684563758,0.143456375839,
534,0.521531100478,0.621212121212,0.0933014354067,0.845295055821,0.552631578947,0.145135566188,0.347687400319,0.429027113238,0.878787878788,0.643540669856,0.207336523126,0.815789473684,0.935406698565,0.441786283892,0.492025518341,0.826953748006,0.545454545455,0.739234449761,0.699362041467,0.864433811802,0.893141945774,0.967304625199,0.850079744817,0.917862838915,0.917862838915,0.0893141945774,0.00637958532695,0.515151515152,0.759170653907,0.688995215311,0.796650717703,0.732057416268,
535,0.176644493718,0.773096821877,0.60088691796,0.565410199557,0.79674796748,0.634885439763,0.810051736881,0.739837398374,0.385070214339,
536,0.49759119064,0.436338609773,0.991741225052,0.812112869924,0.730213351686,0.533379215416,0.752236751549,0.426015141087,0.709566414315,0.785960082588,0.941500344116,
537,0.765217391304,
538,0.68152866242,0.49186128804,
539,0.494497936726,0.900962861073,0.933975240715,0.852819807428,
540,0.811111111111,
541,0.806338028169,0.0827464788732,0.386443661972,0.267605633803,0.56514084507,0.878521126761,0.227112676056,0.300176056338,0.654929577465,
542,0.687925170068,0.716836734694,
543,0.312340425532,0.924255319149,0.532765957447,0.731914893617,0.859574468085,0.984680851064,0.985531914894,
544,0.855641205326,0.278206026629,0.777855641205,0.750525578136,0.928521373511,0.821303433777,0.669236159776,0.725998598458,0.973370707779,0.650315346882,0.0609670637701,0.720392431675,0.674141555711,0.737911702873,0.679046951647,0.713384723196,0.974772249474,0.727400140154,0.954449894884,0.792571829012,0.277505255781,0.832515767344,0.98318149965,0.770847932726,
545,0.413043478261,0.438808373591,0.692431561997,0.12962962963,0.522544283414,0.718196457327,
546,0.526778577138,0.933653077538,0.905675459632,0.757793764988,0.884092725819,0.594724220624,0.630695443645,
547,0.653015636634,0.304542069993,0.939687267312,0.60312732688,0.116157855547,
548,0.867208672087,
549,0.366750208855,0.238095238095,0.951545530493,
550,0.515497553018,0.650081566069,0.424143556281,0.0978792822186,0.714518760196,0.52854812398,
551,0.87588028169,0.489436619718,0.461267605634,0.457746478873,0.68661971831,0.956866197183,0.272007042254,0.551936619718,0.838908450704,0.676056338028,0.799295774648,0.953345070423,0.0413732394366,0.720950704225,0.842429577465,0.881161971831,
552,0.935280189424,0.703235990529,0.340173638516,0.569060773481,0.722178374112,0.444356748224,0.846093133386,0.539857932123,0.284925019732,0.265193370166,0.680347277032,0.758484609313,0.41910023678,0.774269928966,0.977111286504,0.498026835043,0.60773480663,
553,0.0163666121113,
554,0.385479041916,0.629491017964,
555,0.410881801126,0.740150093809,
556,0.997925311203,
557,0.977072310406,0.938271604938,
558,0.759932375317,
559,0.548628428928,0.635910224439,0.822942643392,0.883624272652,0.980881130507,0.117206982544,
560,0.527893422148,0.972522897585,
561,0.423948220065,0.668284789644,
562,0.159433126661,
563,0.917475728155,0.440129449838,0.53074433657,0.498381877023,
564,0.736928104575,0.975490196078,0.676470588235,0.752450980392,
565,0.0077579519007,0.703646237393,
566,0.756115107914,0.892805755396,0.610791366906,0.0661870503597,0.872661870504,
567,0.79298245614,0.917894736842,0.853333333333,0.569824561404,0.975438596491,
568,0.565187239945,0.74133148405,
569,0.750409165303,
571,0.668679896462,0.818809318378,
573,0.917828319883,0.360968451944,0.168011738811,0.695524578136,0.911225238445,0.631694790902,0.346294937638,
574,0.728217426059,0.68824940048,
575,0.747368421053,
576,0.457364341085,0.215503875969,0.97984496124,0.827906976744,0.881395348837,0.662790697674,0.718604651163,0.556589147287,0.989147286822,0.989147286822,0.989147286822,0.959689922481,0.626356589147,0.889147286822,0.744186046512,0.83023255814,
578,0.554347826087,0.524456521739,
579,0.789423984891,0.257790368272,0.896128423041,0.936732766761,0.0236071765817,
580,0.728077945084,0.966341895483,0.36315323295,0.92028343667,
581,0.66974789916,0.868907563025,0.278991596639,0.0529411764706,0.585714285714,
582,0.517271922055,0.682019486271,0.0770593445527,0.44995571302,0.139061116032,0.581045172719,
583,0.400352733686,0.0582010582011,0.0846560846561,0.106701940035,0.0546737213404,0.39241622575,
584,0.617805755396,0.739208633094,0.463129496403,0.113309352518,0.882194244604,
585,0.509404388715,0.235109717868,0.180250783699,0.772727272727,0.578369905956,0.42868338558,0.519592476489,0.126175548589,0.17789968652,0.3565830721,0.955329153605,0.462382445141,0.449059561129,0.489811912226,0.648902821317,0.870689655172,0.784482758621,0.247648902821,
586,0.877760252366,0.722397476341,0.284700315457,0.701104100946,0.682965299685,0.964511041009,0.916403785489,0.82570977918,0.5,0.883280757098,0.959779179811,0.441640378549,
587,0.416139240506,0.838607594937,0.560917721519,0.867088607595,0.684335443038,0.670886075949,0.685917721519,0.618670886076,0.643196202532,0.564873417722,0.867879746835,0.621044303797,0.601265822785,0.967563291139,0.247626582278,0.627373417722,0.253955696203,
588,0.911854103343,0.920972644377,0.448328267477,0.919452887538,0.177811550152,0.724164133739,0.849544072948,0.914133738602,0.462006079027,0.842705167173,0.188449848024,
590,0.850041425021,0.877381938691,
591,0.609350237718,0.900158478605,0.765451664025,0.416006339144,0.974643423138,0.809033280507,0.831220285261,0.927099841521,0.355784469097,0.588748019017,0.519017432647,0.664817749604,0.934231378764,
592,0.75106202209,0.14103653356,0.156329651657,0.536108751062,
593,0.682884448306,0.529973935708,
595,0.455592105263,0.0797697368421,
596,0.0864864864865,0.654826254826,0.68416988417,0.661003861004,0.616988416988,0.92972972973,0.732818532819,0.790733590734,0.64555984556,0.970656370656,0.780694980695,0.823166023166,0.864864864865,0.385328185328,0.644787644788,0.587644787645,0.415444015444,0.415444015444,0.316602316602,
597,0.258592471358,0.81914893617,0.362520458265,0.799509001637,0.857610474632,0.500818330606,0.905073649755,0.336333878887,
598,0.824768323505,0.541701769166,
599,0.706125827815,0.0811258278146,0.721026490066,0.879966887417,0.451158940397,0.560430463576,0.453642384106,0.78642384106,0.554635761589,0.653973509934,0.672185430464,
600,0.808351976137,0.906785980611,0.682326621924,0.86428038777,0.511558538404,
601,0.67362924282,0.798955613577,0.951261966928,
603,0.0530821917808,0.399828767123,
605,0.614389652385,0.789005658852,0.188358932902,0.470493128537,0.290218270008,0.526273241714,0.755052546483,0.254648342765,0.386418755053,0.847210994341,0.61277283751,0.862570735651,0.739692805174,0.957962813258,0.00404203718674,
607,0.879963898917,0.645306859206,
608,0.829787234043,
610,0.10071942446,
611,0.467910447761,0.673880597015,0.694776119403,0.979104477612,0.991044776119,0.935074626866,0.627611940299,0.411194029851,
612,0.898685228152,0.566125290023,0.433101314772,0.00696055684455,0.965970610982,0.450116009281,0.921113689095,0.828306264501,0.815158546017,0.970610982212,
614,0.159468438538,0.524086378738,
616,0.918095238095,
617,0.772763262074,0.977038796516,0.454473475851,
618,0.320846905537,0.3167752443,
619,0.537581699346,0.96568627451,0.46160130719,0.825980392157,0.888071895425,0.916666666667,
622,0.972366148532,0.623488773748,0.496545768566,0.866148531952,
623,0.458265139116,
624,0.707792207792,
625,0.762902019447,0.707554225879,0.797307404637,0.904263275991,0.901271503366,0.352281226627,
626,0.52856109906,
627,0.211063829787,0.156595744681,0.293617021277,
628,0.966640190627,0.137410643368,0.342335186656,0.715647339158,0.773629864972,0.986497220016,0.648927720413,0.504368546465,0.504368546465,0.504368546465,
629,0.427715996578,0.679213002566,0.767322497861,0.952951240376,
630,0.0437017994859,
631,0.822555205047,0.544164037855,0.786277602524,0.190063091483,0.425867507886,0.847003154574,
632,0.991694352159,0.663621262458,0.705149501661,0.940199335548,
633,0.114814814815,0.582222222222,0.202222222222,0.554074074074,0.994074074074,0.508148148148,0.717037037037,0.98,0.716296296296,0.759259259259,0.882962962963,0.926666666667,
634,0.949215832711,0.365197908887,0.911127707244,0.111277072442,0.660194174757,0.138162808066,0.755041075429,0.765496639283,0.837938760269,0.615384615385,0.715459297984,0.55787901419,0.669902912621,0.591486183719,
635,0.639762107052,0.936278674596,0.898045879354,0.415463041631,0.463041631266,
636,0.34858044164,0.828864353312,0.23738170347,
637,0.654259718776,0.617038875103,
638,0.819469026549,0.165486725664,0.00884955752212,0.87610619469,
639,0.143879742305,0.381531853973,0.757337151038,0.0694345025054,0.833929849678,0.642806012885,0.791696492484,0.563350035791,0.758052970651,0.59627773801,0.414459556192,0.940586972083,0.659985683608,0.858983536149,0.871152469578,0.573371510379,0.767358625626,0.82820329277,0.889047959914,0.647100930565,0.697208303508,0.722977809592,0.710808876163,0.508947745168,0.887616320687,0.425196850394,0.676449534717,
640,0.388059701493,0.221246707638,0.465320456541,0.63125548727,0.420544337138,0.941176470588,0.827041264267,0.867427568042,0.115891132572,
643,0.9375,0.563405797101,0.691123188406,0.760869565217,
644,0.966417910448,0.735074626866,0.388059701493,0.976119402985,0.261194029851,0.280597014925,0.242537313433,0.414925373134,0.903731343284,0.710447761194,0.999253731343,0.708955223881,0.761194029851,0.348507462687,0.763432835821,0.671641791045,0.64776119403,0.64328358209,0.985820895522,0.39776119403,
645,0.78852739726,0.635273972603,0.405821917808,0.757705479452,0.741438356164,
646,0.0740740740741,0.740740740741,0.771043771044,
647,0.372719374457,0.0807993049522,0.66203301477,0.589921807124,0.963509991312,
648,0.680832610581,0.64353859497,0.441457068517,0.835212489159,0.945359930616,0.954900260191,0.730268863833,0.0572419774501,
649,0.244503078276,0.673702726473,
651,0.506794564349,0.630695443645,0.587529976019,0.966426858513,0.198241406875,0.243804956035,0.516386890488,0.798561151079,0.875299760192,
652,0.0906779661017,
653,0.905956112853,0.82131661442,0.709247648903,0.969435736677,0.867554858934,0.995297805643,0.67789968652,0.697492163009,0.859717868339,0.8934169279,0.0548589341693,0.940438871473,0.597962382445,0.521943573668,0.407523510972,0.581504702194,0.496865203762,0.71394984326,0.595611285266,0.576018808777,0.39263322884,0.573667711599,0.454545454545,0.800156739812,0.0815047021944,
654,0.593508500773,0.528593508501,0.459814528594,0.836939721793,0.923493044822,0.247295208655,0.901854714065,0.982998454405,0.974497681607,0.785935085008,0.577279752705,0.748068006182,0.736476043277,0.448995363215,0.578052550232,0.975270479134,0.4057187017,0.86398763524,
655,0.564714946071,0.785824345146,0.573959938367,0.426040061633,0.854391371341,0.695685670262,0.704930662558,0.548536209553,0.972265023112,0.657935285054,0.785053929122,0.717257318952,0.804314329738,0.906779661017,0.261171032357,0.969183359014,0.758859784284,0.987673343606,0.849768875193,0.979198767334,0.908320493066,0.948382126348,0.58782742681,
656,0.984650805833,0.788181120491,0.979278587874,0.10821181888,0.957022256332,0.628549501151,0.501918649271,0.686876438987,
657,0.920568561873,0.703177257525,0.802675585284,
658,0.0336617405583,0.513136288998,0.914614121511,0.86288998358,0.992610837438,0.933497536946,0.77750410509,
659,0.614322691976,
660,0.955516014235,0.570284697509,0.927046263345,0.651245551601,0.848754448399,0.29537366548,
661,0.495901639344,0.947540983607,0.85,
662,0.590557275542,0.938854489164,0.828947368421,0.929566563467,0.814241486068,
665,0.939485627837,0.0370650529501,0.772314674735,0.935703479576,0.934190620272,0.343419062027,0.704992435703,0.913010590015,
667,0.595009596929,0.548944337812,0.987523992322,0.201535508637,0.735124760077,0.701535508637,0.806142034549,
670,0.2395256917,0.963636363636,0.420553359684,0.850592885375,
671,0.926482213439,0.878260869565,0.876679841897,0.610276679842,0.569960474308,0.463241106719,0.894861660079,0.894861660079,0.894861660079,0.848221343874,0.848221343874,0.460079051383,0.898023715415,0.898023715415,0.728853754941,0.652173913043,0.727272727273,0.404743083004,0.404743083004,0.569169960474,0.0474308300395,0.78418972332,0.433992094862,0.871936758893,0.887747035573,0.615019762846,0.99209486166,
672,0.825258141382,0.752978554408,0.13343923749,0.699761715647,0.486894360604,0.247021445592,0.567911040508,0.479745830024,0.91104050834,0.630659253376,0.76330420969,0.826846703733,0.312152501986,0.312152501986,0.891183478952,0.297061159651,
673,0.711678832117,0.823357664234,0.767883211679,0.401459854015,0.632116788321,0.792700729927,0.410218978102,0.97299270073,0.79197080292,0.759124087591,0.907299270073,
674,0.332300542215,0.910147172734,0.979085979861,0.703330751356,0.710302091402,0.640588690937,0.998450813323,0.333849728892,0.821068938807,0.667699457785,
675,0.430379746835,0.885284810127,0.100474683544,0.100474683544,0.0205696202532,
676,0.606971975393,0.552973342447,0.552973342447,0.427204374573,0.54955570745,0.870813397129,0.870813397129,0.685577580314,0.768284347232,0.768284347232,0.400546821599,0.551606288448,0.814764183185,0.814764183185,0.670539986329,0.866712235133,0.2002734108,0.61995898838,0.896787423103,0.896787423103,0.699248120301,0.955570745044,0.441558441558,0.750512645249,0.868762816131,0.697197539303,0.678058783322,0.820915926179,0.3000683527,0.902939166097,0.82980177717,0.64046479836,0.219412166781,0.872180451128,0.457279562543,0.282980177717,0.753246753247,0.817498291183,0.366370471634,0.702665755297,0.381408065619,0.897470950103,0.646616541353,0.698564593301,0.383458646617,0.12030075188,0.524265208476,0.485987696514,0.342447026658,0.53998632946,0.731373889269,0.788106630212,0.788106630212,0.834586466165,0.522898154477,0.522898154477,0.522898154477,0.775119617225,0.90977443609,0.771701982228,0.863294600137,0.827751196172,0.658920027341,0.261107313739,0.889268626111,0.904989747095,0.98974709501,0.581681476418,0.863978127136,0.735475051265,0.583048530417,0.443609022556,0.52973342447,0.601503759398,0.198222829802,0.451811346548,0.481886534518,0.786056049214,0.633629528366,0.898154477102,0.751196172249,0.778537252221,0.665755297334,0.806561859193,0.544771018455,0.768967874231,0.647983595352,0.632946001367,0.632946001367,0.302118933698,0.369104579631,0.848940533151,0.818181818182,0.793574846206,0.588516746411,0.373205741627,0.0635680109364,0.836637047163,0.951469583049,0.594668489405,0.665071770335,0.57963089542,0.758714969241,0.194805194805,0.747095010253,0.747095010253,0.505809979494,0.505809979494,0.534518113465,0.323308270677,0.512645249487,0.87012987013,0.987696514012,0.393711551606,0.733424470267,0.65960355434,0.200956937799,1.0,0.658236500342,0.980861244019,0.917293233083,0.202323991798,0.572112098428,0.101161995899,0.0615174299385,0.876965140123,0.462064251538,0.55980861244,0.716336295284,0.744360902256,0.825017088175,0.224880382775,0.521531100478,0.521531100478,0.748462064252,0.858509911141,0.796308954204,0.76008202324,0.72043745728,0.835269993165,0.985645933014,0.892686261107,0.668489405332,0.764866712235,0.857142857143,0.77990430622,0.930963773069,0.741626794258,0.399179767601,0.839371155161,0.436773752563,0.717703349282,0.967190704033,0.939166097061,0.575529733424,0.988380041012,0.797676008202,
687,0.978330658106,0.879614767255,0.969502407705,0.999197431782,0.0786516853933,0.64606741573,0.951043338684,0.638041733547,0.487961476726,0.212680577849,0.850722311396,0.606741573034,0.944622792937,
688,0.521888412017,0.952789699571,0.827467811159,
689,0.74363327674,0.838709677419,0.477079796265,0.755517826825,0.366723259762,0.166383701188,0.828522920204,0.776740237691,
690,0.691263782867,0.297709923664,0.277353689567,0.230703986429,0.905004240882,
691,0.767284991568,0.418212478921,0.605396290051,
692,0.505162241888,
693,0.873188405797,0.833333333333,
694,0.784249384742,0.50697292863,0.904019688269,0.940935192781,0.674323215751,0.713699753897,0.154224774405,0.903199343724,
695,0.467005076142,0.677664974619,0.981387478849,0.115059221658,0.469543147208,0.262267343486,0.23434856176,0.524534686971,0.76565143824,
696,0.626022913257,0.220130932897,0.635024549918,
697,0.505550811272,0.610589239966,0.193851409052,0.980358667805,0.820666097353,0.876174210077,0.490179333903,
698,0.352124183007,0.358660130719,0.603758169935,0.578431372549,0.769607843137,0.585784313725,
699,0.524429967427,0.509771986971,0.552117263844,0.552117263844,
702,0.90987460815,0.898119122257,
703,0.705485232068,0.208438818565,0.920675105485,0.644725738397,0.126582278481,0.879324894515,0.102109704641,
704,0.519386834986,
705,0.13503649635,0.934306569343,0.757664233577,
706,0.795625427204,0.49008885851,0.876281613124,0.904306220096,0.821599453178,
707,0.0284926470588,
710,0.926628194559,0.302555647156,
711,0.311338289963,0.495353159851,0.467472118959,0.467472118959,0.467472118959,
713,0.856595092025,0.631134969325,0.282208588957,
715,0.63891248938,0.395921835174,0.997451146984,0.884451996602,0.595581988105,0.982158028887,0.846219201359,0.931180968564,
716,0.869387755102,0.473469387755,0.812244897959,0.84,0.112653061224,0.344489795918,
717,0.668579626973,0.860114777618,0.0294117647059,0.518651362984,0.996413199426,
718,0.523990860625,0.453160700685,0.701447067784,
719,0.457627118644,0.890234059726,0.670702179177,0.418886198547,0.994350282486,0.226795803067,0.782082324455,0.866828087167,0.743341404358,0.940274414851,0.996771589992,
720,0.689199118295,0.56943423953,0.961792799412,0.768552534901,0.636296840558,0.816311535636,0.602498163115,0.367376928729,0.172667156503,0.392358559882,0.861866274798,0.655400440852,0.744305657605,0.898603967671,0.818515797208,0.0646583394563,0.830271858927,0.877296105805,0.418809698751,
721,0.802058590657,0.783847980998,0.688044338876,0.688044338876,0.277909738717,0.654790182106,0.670625494854,
722,0.507302075327,0.684857801691,0.683320522675,0.28285933897,0.840122982321,0.552651806303,0.597232897771,
723,0.678060413355,0.644674085851,0.943561208267,0.944356120827,0.460254372019,0.460254372019,0.859300476948,0.968998410175,0.798092209857,0.514308426073,
724,0.203891708968,
725,0.814129520606,0.582842724979,
726,0.571550255537,
727,0.685840707965,
728,0.0316742081448,0.834087481146,0.53544494721,0.0286576168929,0.575414781297,0.600301659125,0.188536953243,0.684012066365,0.775263951735,0.90346907994,0.704374057315,0.677978883861,0.693061840121,0.809200603318,
729,0.953937592868,0.494056463596,0.931649331352,0.262258543834,0.603268945022,0.617384843982,0.520802377415,0.986627043091,0.308320950966,0.734769687964,0.893759286776,0.959881129272,0.712481426449,0.597325408618,0.490341753343,0.521545319465,
730,0.261240310078,0.927906976744,0.51007751938,0.7,0.55503875969,0.44496124031,0.14496124031,0.731007751938,0.996124031008,
732,0.731040564374,
753,0.182555780933,0.833671399594,
754,0.348013816926,0.0949913644214,0.390328151986,0.390328151986,0.777202072539,0.976683937824,0.908462867012,
756,0.0795159896283,
757,0.452401010952,0.690817186184,
758,0.122076023392,0.870614035088,0.440058479532,0.612573099415,0.953947368421,0.558479532164,0.970029239766,0.575292397661,0.921783625731,0.953216374269,
759,0.914805624483,0.619520264682,0.585607940447,0.590570719603,0.883374689826,0.998345740281,0.832919768404,0.936311000827,
760,0.434440559441,0.821678321678,0.821678321678,
761,0.778748180495,0.778748180495,0.352256186317,0.522561863173,0.536390101892,0.503639010189,0.906113537118,
763,0.4,0.637323943662,0.301408450704,0.379577464789,0.888732394366,0.616901408451,
797,0.26946631671,0.259842519685,0.336832895888,0.0883639545057,0.105861767279,
802,0.483821263482,0.553158705701,0.720338983051,0.394453004622,
803,0.575885328836,0.0598650927487,0.234401349073,
804,0.992688870837,0.85296506905,0.965881397238,0.326563769293,0.518277822908,
805,0.728013029316,0.913680781759,
806,0.861900893582,0.984565393989,0.587327376117,0.418359057677,0.546709991877,0.941510966694,0.99837530463,
807,0.69991687448,
809,0.316513761468,0.22752293578,
811,0.582877959927,0.929872495446,0.257741347905,0.323315118397,0.323315118397,0.268670309654,0.469034608379,0.606557377049,0.653916211293,0.274134790528,0.696721311475,
812,0.667521367521,
813,0.860050890585,0.0661577608142,0.526717557252,
815,0.70636550308,0.203285420945,0.519507186858,0.646132785763,0.9787816564,0.652977412731,0.787816563997,0.874743326489,0.406570841889,0.732375085558,0.537987679671,0.774811772758,0.733744010951,0.704996577687,0.907597535934,
816,0.447408536585,
817,0.72753834916,0.72753834916,0.160701241782,0.831263696129,0.970051132213,0.741417092768,0.486486486486,0.345507669832,0.399561723886,
819,0.977186311787,0.536882129278,0.997718631179,0.962737642586,0.580988593156,0.594676806084,0.875285171103,0.794676806084,0.794676806084,0.860836501901,0.497338403042,0.512547528517,
820,0.673048600884,0.828424153166,0.0522827687776,0.902798232695,0.809278350515,0.974226804124,0.366715758468,0.59351988218,0.633284241532,0.560382916053,
821,0.507269789984,0.279483037157,0.585621970921,0.172051696284,0.307754442649,0.970920840065,0.455573505654,0.402261712439,0.85056542811,
822,0.895799676898,0.688206785137,0.712439418417,0.46042003231,0.952342487884,0.592891760905,
823,0.430458430458,0.682983682984,0.531468531469,0.648018648019,0.783993783994,0.590520590521,0.762237762238,0.0909090909091,0.80574980575,0.292152292152,0.660450660451,0.634032634033,
824,0.817347789825,0.407839866555,0.407839866555,0.572143452877,0.660550458716,0.174311926606,0.845704753962,0.0967472894078,0.507089241034,0.762301918265,0.281901584654,0.689741451209,0.871559633028,0.829858215179,0.25271059216,
825,0.1,0.894690265487,
826,0.889230769231,0.593846153846,0.804615384615,
827,0.774693877551,0.612244897959,0.542040816327,0.662040816327,0.709387755102,0.548571428571,
828,0.882773409578,0.220157255182,0.95568263045,0.716225875625,0.45103645461,0.81772694782,0.483202287348,0.153681200858,0.383845604003,0.616154395997,0.281629735525,0.23373838456,0.551822730522,0.691208005718,
829,0.977392614921,0.886963074604,0.718914845516,0.104747550867,0.998492840995,0.767143933685,0.677467972871,0.165033911078,0.979653353429,0.691032403919,0.587792012057,0.686510926903,0.928409947249,0.926149208742,
830,0.861042183623,0.877584780811,0.323407775021,0.721257237386,0.363110008271,0.58064516129,1.0,0.765922249793,0.588089330025,0.32423490488,0.32423490488,0.813068651778,0.813068651778,0.866832092639,0.0198511166253,0.0173697270471,0.578990901572,0.578990901572,0.467328370554,0.684863523573,0.778329197684,
832,0.436296975252,
833,0.406966086159,
835,0.990059642147,
837,0.927835051546,0.955817378498,0.626656848306,0.537555228277,0.509572901325,0.40648011782,0.868188512518,0.928571428571,0.351251840943,0.544182621502,0.926362297496,0.652430044183,0.542709867452,0.827687776141,0.946244477172,0.60530191458,
839,0.453818181818,0.720727272727,
842,0.184729064039,
843,0.35678807947,
846,0.919395465995,0.289672544081,0.332493702771,
847,0.966555183946,
