6,0.514902135231,
64,0.0627459554001,
138,0.377061935885,0.999377528789,0.965452847806,
154,0.908253808806,0.50108823037,0.727607567387,0.768458061276,0.508789552988,0.786372007366,0.135945086221,0.443495730789,
155,0.830921164652,0.733185765367,0.432487655372,0.825472501277,0.726204665418,0.76758045292,
156,0.535,
157,0.69356223176,0.732188841202,
158,0.343953294412,0.725938281902,0.362635529608,0.539949958299,0.898415346122,0.723936613845,0.842702251877,0.77247706422,
159,0.526614383447,0.20624061405,0.803103620891,0.964291673619,0.0193559152344,0.846320707492,0.392124144836,
187,0.703408512803,0.338816347295,0.19874512464,0.901305748686,
189,0.298073673538,
196,0.288242509199,
197,0.6776522285,0.693188951664,0.786409290647,0.597771500314,0.0188323917137,0.653013182674,0.734620213434,0.781544256121,0.63292529818,0.890458254865,0.779974890144,0.786723163842,
198,0.840985820392,0.734807562458,0.630486158001,0.606684672519,
199,0.597121083827,0.351227773074,
201,0.996007984032,0.743512974052,0.568862275449,0.765469061876,0.102295409182,
202,0.267716535433,0.392160219103,
203,0.954731776867,0.397433612547,0.953127784709,
204,0.848827255607,0.791474062661,
205,0.365034263747,0.959384923951,0.856092261407,0.940498077887,0.420190539863,0.691124853752,0.201905398629,0.848738091259,0.413839211098,0.436737422698,
206,0.583879093199,0.752141057935,0.536356003359,0.608564231738,0.27959697733,0.507640638119,0.415785054576,0.72443324937,
219,0.258091459595,
226,0.666496511826,0.884975327548,0.441041347626,
227,0.73594486761,0.415669205658,
229,0.723399790136,
230,0.256363303424,0.506683757554,0.603552462919,0.193004944149,0.0347921626076,0.677165354331,0.454495513642,0.300494414942,0.771104193371,0.324482695477,0.823841787218,0.913019593481,0.394982603919,0.95165720564,0.954953305255,0.980589635598,0.948177989379,0.539644753708,0.894158579015,0.545687603003,0.780076908991,0.282732100348,0.861380699506,0.786669108222,0.590001831166,0.192638710859,0.988646767991,0.986083134957,0.521699322468,0.438381248856,0.674235488006,0.780260025636,0.569126533602,0.775315876213,0.775315876213,0.416407251419,0.766709393884,0.683757553562,0.703351034609,0.972898736495,0.805713239333,0.642006958433,0.809192455594,0.762680827687,0.804248306171,0.65848745651,
231,0.985054575987,0.338371116709,0.544584382872,0.913853904282,0.545256087322,0.303274559194,0.39529806885,0.751805205709,0.916204869857,0.703778337531,0.826196473552,
232,0.902851458886,0.861903183024,0.660311671088,0.685013262599,0.637765251989,0.638594164456,0.994031830239,0.533985411141,0.0752652519894,0.958885941645,
233,0.344663881504,
234,0.803223640027,0.12760241773,0.986903962391,0.918233713902,0.00839489590329,0.346709200806,0.885661517797,0.543821356615,
235,0.929768405197,0.526077951422,0.327810205234,0.947090943325,0.479005836942,
236,0.537836767036,0.023969889065,0.516442155309,0.361727416799,
237,0.930011198208,0.803471444569,0.734229189996,0.515864128406,0.622433743934,0.698954833893,0.679357969392,0.0481522956327,0.572228443449,0.227510265024,0.675811870101,0.129899216125,0.956140350877,
239,0.678405931418,0.332020389249,
240,0.933333333333,
241,0.248139485435,0.0148841165214,
242,0.932452588962,
243,0.771258671952,0.598414271556,0.226164519326,0.593657086224,0.887413280476,0.0229930624381,0.58414271556,0.700099108028,0.681466798811,0.770267591675,0.404162537166,0.482457879088,0.636273538157,0.24539147671,0.663627353816,0.165510406343,0.900495540139,
244,0.236722931247,0.340263482915,0.269246603541,0.585220255249,
245,0.367375322869,0.80409298629,0.976157361415,0.51281541824,0.0965626862706,0.87820385456,0.69163520763,0.19431750447,0.939002582953,0.903834691039,0.855950725214,0.966818994635,0.432545201669,0.518776077886,0.313729386052,
246,0.338111888112,0.609440559441,0.274300699301,
247,0.656632653061,0.458673469388,0.222448979592,0.0454081632653,0.530102040816,
248,0.0334566240753,0.800437121722,0.823974445192,0.556321452589,0.685608607935,0.480665770007,0.547747141896,0.625420309348,
249,0.332301341589,0.425008599931,0.449604403165,0.780529755762,0.795321637427,0.826797385621,0.0228758169935,0.24957000344,0.902304781562,0.841589267286,
250,0.558852459016,0.400327868852,0.38868852459,0.198360655738,0.59393442623,0.409836065574,0.759344262295,0.561967213115,0.163442622951,0.540983606557,0.66868852459,0.781147540984,0.604754098361,0.765245901639,0.0232786885246,0.981639344262,0.940491803279,0.989508196721,0.906721311475,
251,0.0102202643172,0.174273127753,0.492158590308,0.787841409692,0.425022026432,0.471718061674,
253,0.720732948761,0.825585341025,
254,0.721108742004,0.364818763326,
256,0.329293391265,0.924765607135,0.876057626343,0.595700891836,0.587239881088,0.795106334324,
257,0.575324952056,0.325591306201,0.974856168762,
258,0.179647400134,0.179647400134,
259,0.980146052031,0.335919671383,0.335919671383,0.204016430853,0.102236421725,0.202647193063,0.785942492013,
260,0.928677074774,0.437304847987,0.789153656532,
261,0.90753194351,0.709818426362,
262,0.714452798663,0.865831244779,0.726649958229,0.501253132832,
263,0.00855531790784,0.7569511958,0.698036165662,0.24071553568,0.674509041416,0.355629010305,0.980944973751,
264,0.154451847365,
265,0.13387520918,0.162562754004,
266,0.654700550915,0.407499555714,
267,0.575020955574,0.737803855826,0.751047778709,0.836043587594,0.916512992456,0.592120704107,0.746018440905,0.7743503772,
268,0.982311125806,0.324516449,0.713506364688,0.408827905439,0.494461894528,0.65829062655,0.593155893536,0.361382046619,0.381385352951,0.588196396099,
269,0.297460449625,0.123646960866,0.208576186511,0.935262281432,0.619067443797,
271,0.785636954168,0.866474197041,
272,0.0206324720401,0.488816043193,
273,0.629029770168,0.0385623939534,0.335801326546,0.236773098874,0.627795773562,
274,0.894692923899,0.950934579439,0.514018691589,0.510847797063,0.300400534045,0.612316421896,0.711448598131,0.513017356475,0.513017356475,0.255173564753,0.255173564753,0.977636849132,0.543224299065,0.543224299065,0.724966622163,0.724966622163,0.580774365821,0.759178905207,0.703437917223,0.800400534045,0.496495327103,
275,0.955016126294,0.684264131726,0.587166864709,0.0393821083008,0.357324732643,0.617552198269,0.514853165846,0.702257681209,0.683415379392,0.51145815651,0.604311661857,0.78424715668,0.686301137328,0.381429298931,0.966219657104,0.587845866576,0.982176200985,0.161602444407,
276,0.370476350783,0.188520451103,0.793805756607,
277,0.0116891669411,0.884590055976,0.014981890023,0.910602568324,0.50642081001,0.56305564702,0.425584458347,
278,0.529361990184,0.611778642748,0.845659163987,0.857167033339,0.995261465561,0.731426637333,
279,0.87136413128,0.339555140768,0.466168922072,0.567584383263,0.0320423082906,0.822367397729,0.892984912117,0.275470524187,0.819567584383,0.377663711308,0.675377197076,0.758282781148,0.330222429616,
280,0.57221849866,0.896280160858,0.466152815013,0.458780160858,0.498156836461,0.531333780161,
281,0.936016164337,0.569624515912,0.805017679744,0.889206937195,0.0101027108941,0.901835325812,0.291631587809,0.19683448392,
282,0.571661769507,0.444988573294,0.813091740124,0.541299379693,0.695070192622,0.668625530526,0.728044400914,0.71727064969,0.826967025792,0.673359451518,0.404831864185,0.967841984982,
283,0.816844487553,0.257355318461,0.579372777239,0.528451341739,0.535725832525,0.419657290656,0.711121888134,0.0244099579696,0.839314581313,0.638376980278,0.985451018429,0.0121241513094,0.961526026511,0.00986097639832,0.572583252506,0.691723246039,0.691723246039,0.691723246039,0.691723246039,0.876495311995,0.857904946654,0.661493695441,
284,0.875421368899,0.00659533929357,0.785285065221,0.436318335043,0.472372856515,0.769602814011,0.285504909864,0.0779715667595,0.409057599296,0.834676828375,0.847427817676,0.787336948556,
285,0.770314547837,0.89498689384,0.749344692005,0.872214941022,0.983617300131,0.811598951507,0.811598951507,0.595838794233,0.407273918742,0.693479685452,0.445773263434,0.0619266055046,0.360255570118,
286,0.368932038835,0.0499644802273,0.208145867866,0.76320151551,0.699739521667,0.0440445181151,0.217854605731,0.499408003789,0.00828794695714,
287,0.389960589089,0.958099979257,0.237295166978,0.695913710848,0.829081103505,0.00933416303671,0.914540551753,
288,0.740481151733,0.791058912673,0.621519227126,
289,0.595431472081,0.355329949239,0.127749576988,0.473265651438,0.274957698816,0.962267343486,0.973096446701,0.780541455161,0.0394247038917,0.307614213198,0.838240270728,0.197631133672,0.789509306261,0.775465313029,
290,0.0150326797386,0.916993464052,0.659150326797,0.942810457516,0.962254901961,0.74362745098,0.71568627451,0.752287581699,
291,0.979718404291,0.944854173651,0.955581629232,0.913007039893,0.166275561515,0.553972510895,0.46999664767,0.805732484076,0.538551793496,0.539389875964,0.922393563527,0.77639959772,0.794502179014,0.584311096212,
292,0.544166830612,
293,0.633372306664,0.930182061132,0.976783029898,0.908802405211,0.777016869885,0.711207616502,0.714381159178,0.650910305662,
294,0.928582352042,0.970637712188,0.951062853647,0.88423306316,0.916500994036,0.668603762043,0.633736045267,0.486924606209,0.894938063924,0.888515063465,0.982107355865,0.935922923994,0.753479125249,0.884080134577,0.47331396238,0.00841107202936,0.858693989907,0.690166692155,0.771830555131,0.732833766631,0.811897843707,0.770912983637,0.522404037315,0.716011622572,
295,0.649887784546,0.413754408464,0.00545046489259,0.850753446618,0.0827188201347,0.849150368708,0.435556268035,0.980442449503,0.593459442129,
296,0.761539899084,0.399551485704,0.173612408896,0.557652775182,0.82844328163,0.959820594281,
297,0.0103845529774,0.87473632971,0.812591270485,0.895180918384,0.89290929742,0.754664935908,0.506571474931,0.616420574396,0.923738439072,0.50008112932,0.717345448645,0.765536264806,0.0111958461788,
298,0.429244489315,0.803634528016,0.940938919738,0.807336362107,0.513208817096,0.50849739189,
299,0.95958235096,0.640619737285,0.896261367464,0.630515325025,0.476086224318,
300,0.62347972973,0.634628378378,0.89847972973,0.613006756757,0.940202702703,0.720945945946,0.802027027027,0.128209459459,0.810135135135,0.590540540541,0.778885135135,0.554898648649,0.876182432432,0.0706081081081,
301,0.971438060445,0.612753238127,0.468781135835,0.0800398538691,
302,0.663080134896,0.786895776457,0.877308495263,0.856592259515,0.966436486269,0.86381885338,0.238156415609,0.48707242653,0.783041593062,0.349285370162,0.994861088807,0.973020716236,0.584390557251,
303,0.923687899081,0.789440897057,0.421896900794,0.339822457561,0.754866843171,0.207911540259,0.00482790842548,0.0912630431397,0.916991122878,0.974614546021,0.91714686186,0.066033328142,0.049680735088,0.00560660333281,0.96916368167,0.996729481389,0.900327051861,0.0390904843482,0.404765612833,0.617660800498,
304,0.797740802931,0.805678522363,0.764616089147,0.73836055564,0.574721416578,0.593649824454,0.913753625401,0.57044725996,0.524042130972,0.910548007938,0.843993283468,0.254922912532,0.57288963517,0.667073729202,0.648297969776,0.874980918944,0.660662494276,0.946878339185,0.551213555182,0.960769348191,0.0230499160434,0.577621737139,
305,0.82757385855,0.673769024172,0.92551477171,0.900984780662,0.667502238138,0.932497761862,0.194807520143,0.516204118174,
306,0.62126034373,0.56673032039,
308,0.0622999261266,0.644915045555,0.262743166708,0.763605023393,0.583107608963,0.769514897808,0.695148978084,0.521053927604,
310,0.977545162924,0.972986662164,0.409083234847,0.413641735607,
311,0.30904074014,0.952118162636,0.733322512579,0.649407563707,0.983931180003,0.708813504301,0.677649732186,0.834604771953,0.275279987015,0.369582859925,0.752312936212,0.310663853271,
312,0.675375021069,0.94505309287,0.74178324625,0.794707567841,0.694926681274,0.510028653295,0.886061014664,0.799426934097,0.343839541547,0.967638631384,0.89111747851,0.848306084611,
313,0.571865443425,0.340155257586,
314,0.360404380792,0.788374052233,0.226453243471,0.87750631845,0.889469250211,
315,0.561655405405,0.77652027027,
316,0.691137566138,0.919477513228,0.713624338624,0.760747354497,0.953869047619,0.828042328042,0.85796957672,0.394675925926,0.950396825397,0.599206349206,0.563988095238,0.657903439153,
317,0.302841768959,0.59088616109,0.881452833361,0.479401378846,0.737514713301,0.866151000504,
318,0.285005317263,0.734491315136,0.512406947891,0.852002835874,0.943814250266,0.397554058844,0.320808224034,0.484225451967,
319,0.82113271344,0.595435333897,0.553846153846,
320,0.830603804797,0.577005789909,0.625971877585,0.0803970223325,0.170719602978,0.824483043838,0.93829611249,
322,0.940087972092,0.961474290915,0.275443652359,0.938419535871,0.692704383437,0.0175944183225,0.806006370393,0.704838465039,0.666919460033,0.735173669043,0.99711815562,0.651751858031,0.588351281662,0.755953283786,0.876839071743,
323,0.879162072767,0.978169790518,0.939581036384,0.939581036384,0.952590959206,
325,0.293242231374,0.293242231374,0.293242231374,0.293242231374,0.293242231374,0.161081991763,
327,0.670388091441,
328,0.817883755589,
329,0.861413623745,0.693786034593,0.390988682469,
330,0.381752970186,0.800493162968,0.732571172383,0.821116341627,
333,0.194979283451,
334,0.00327699206623,
335,0.706452691408,0.289702440655,0.906051487797,
336,0.713364207741,0.707740654978,0.735196824347,0.456996361231,0.627356930202,0.34254052266,0.911842540523,0.968078068144,
337,0.579310344828,0.299704433498,0.985615763547,0.705615763547,0.655763546798,0.971822660099,0.276256157635,0.906995073892,0.879802955665,0.299507389163,0.931428571429,
338,0.62527061602,0.290690808896,0.819720527455,0.804959653611,0.966738830939,0.824837630388,0.890179098603,0.977563471758,0.109624089746,0.216296004723,0.223971659122,0.775437905924,0.67880338516,0.605983074198,0.520763629207,0.707734697894,
339,0.960256855259,0.939604304061,0.691079486289,0.625303713988,0.541999305797,0.392919125304,0.694724054148,0.727525164873,0.696980215203,0.813953488372,0.800590072891,0.605518917043,
340,0.840158293187,
341,0.73177466863,0.366347569956,0.377577319588,0.867820324006,0.135125184094,0.60972017673,0.602540500736,0.747422680412,0.758652430044,0.479565537555,0.93354197349,0.0325846833579,0.190537555228,0.640463917526,0.782032400589,0.719072164948,0.0966494845361,
342,0.470110945521,0.854942871336,
343,0.628143133462,0.532559638943,0.876208897485,0.92279174726,0.908123791103,0.909735654417,0.559155383623,0.247098646035,0.875402965828,0.995003223727,0.838168923275,0.827047066409,0.0480335267569,
344,0.701611535199,0.916878710772,0.68481764207,0.96641221374,0.31518235793,
345,0.0141374373658,0.673765211167,0.746062992126,
346,0.737766861893,0.522954846023,0.737200075572,0.44039297185,0.361231815606,
347,0.173628585808,0.681093776212,0.926354638483,0.854219090757,
348,0.473475111007,
349,0.73360058309,0.828170553936,0.500182215743,0.774963556851,0.51111516035,
351,0.253402158611,0.22524636321,
352,0.205814571884,0.926076936713,
353,0.834425953942,0.465456379223,0.687342410489,0.0183224071272,0.943856110271,
354,0.733344300049,
355,0.448217604325,0.698935631019,0.986315255955,0.531846595709,
356,0.653500593321,0.951178165791,0.946601118834,0.591795219529,0.678420071199,0.583997287676,0.681301915579,0.914222749619,0.508391252755,0.345482285133,0.986777419902,0.867265638244,
357,0.866312121768,0.568127636164,0.749312305153,0.312671923712,0.691912708601,0.395011920044,
358,0.186128923388,0.153729328383,0.497975025312,
359,0.887670821445,0.285928818141,0.623517044601,0.657456074486,0.749361766031,0.964108725034,0.955849226611,0.613455473795,0.538369124493,0.839165039796,0.855083345848,0.963508034239,0.441057215798,0.167442558943,0.712118936777,0.564048655954,0.366871902688,0.493467487611,
360,0.411326994626,0.897684993799,0.768085985945,0.620504340637,0.844357172385,0.846837536172,0.862753203803,0.714551467549,
361,0.833921667507,0.653387123886,0.921667507144,0.824004034291,0.876281728022,0.86787695411,0.539082198689,0.873087913935,0.334005715246,0.517229786519,0.900319381409,0.779794923517,0.773239199866,0.395696755757,0.451336359052,0.718271978484,0.272987056648,0.401580097495,0.247772734913,0.411497730711,0.734577239872,
362,0.609401709402,0.309401709402,
363,0.505451713396,0.139992211838,0.757982866044,
364,0.586778736938,0.480690595184,0.221263062244,0.92935029532,0.254656974103,0.169922762381,0.696501590186,0.683552930486,
365,0.750406693005,0.343248896119,0.302114803625,0.286776667441,0.0871485010458,0.640948175691,
366,0.960657291831,0.614947069047,0.343182177279,0.320271764892,0.674988149787,0.546531837573,0.720650971717,0.399115184073,0.692052456944,0.348712276821,0.557118028125,0.397377152789,0.987675778164,0.555063991152,0.794438299889,0.29056723021,0.499288987202,
367,0.965295887663,
368,0.420095518001,0.405767817781,0.559147685525,0.618846436444,0.201138868479,0.89309331374,0.431851579721,0.979426891991,0.385562086701,0.604151359295,0.251102130786,0.458670095518,
369,0.710350255805,0.00747737111373,0.720385674931,0.287878787879,
370,0.614242261585,0.999642154232,0.603506888531,
371,0.725705076551,0.727639000806,0.72957292506,0.920225624496,0.415149073328,0.7946817083,0.638839645447,0.549234488316,0.96212731668,0.851732473811,0.887993553586,0.313940370669,0.524093473006,
372,0.782908603181,
373,0.6266987786,0.498709788405,0.339583691725,0.245656287631,0.610528126613,0.393944606916,
376,0.907284768212,0.798013245033,0.0852649006623,0.0548427152318,0.575745033113,
377,0.440311587147,0.312171372931,0.849269717624,0.345277507303,0.543719571568,0.0856864654333,
378,0.924731182796,0.753320683112,0.304659498208,0.505587181109,0.957832595404,
379,0.301788544261,0.272583201268,
380,0.617722328855,0.656429942418,0.89443378119,0.506078055022,0.92050543826,0.601567498401,0.629718490083,0.867882277671,0.39795265515,0.495681381958,0.719609724888,
381,0.142159949622,0.803211586902,0.879880352645,0.671599496222,0.00818639798489,0.929943324937,0.868230478589,0.721347607053,
382,0.597779954293,0.683969964087,0.450048971596,0.912667319621,0.79203395364,0.527260855371,0.154750244858,0.846392425726,0.296931113288,0.626183480248,0.55713352922,
383,0.916654753395,0.734238741959,0.626018584703,0.346676197284,0.118227305218,0.186704789135,0.802144388849,0.39156540386,0.0470335954253,0.337240886347,0.946390278771,0.192280200143,0.949106504646,0.552108649035,
384,0.772270241665,0.597636267419,0.440642088552,0.35526547892,0.787616863644,0.625507144117,
386,0.790888295844,0.6910026687,0.445863515059,
387,0.0464893820547,0.0166443466616,0.51884446145,0.121484599196,0.810407499522,0.420508896116,0.839295963268,0.564759900517,0.56361201454,0.0374976085709,
388,0.413804491413,0.930812417437,0.990092470277,0.874669749009,0.994055482166,0.468956406869,0.506605019815,0.963507265522,0.765191545575,0.129623513871,0.859478203435,0.594451783355,0.793758256275,0.332727873184,0.737780713342,0.849405548217,0.906869220608,0.700297225892,0.825132100396,0.890521796565,0.972754293263,
389,0.957908847185,0.0808310991957,0.776273458445,0.234048257373,0.418766756032,0.946246648794,
390,0.937589158345,0.83452211127,0.64532810271,0.977710413695,0.643188302425,0.800106990014,0.792796005706,0.737339514979,0.571504992867,0.894079885877,0.340228245364,
391,0.839561729603,
392,0.873736410452,0.922944878886,0.850085828724,0.899294297158,
393,0.500765228038,0.644781144781,0.808233853688,0.552953780227,0.648301193756,0.6048362412,0.971686562596,0.643709825528,0.689776553413,0.666666666667,0.84496479951,0.848637894092,0.47903275176,0.702938475666,0.807162534435,0.406029996939,0.796296296296,0.713192531374,0.581879400061,0.620140801959,0.759106213652,0.773339455158,0.47076828895,0.986531986532,0.5463728191,0.984389348026,0.739057239057,0.919191919192,0.558769513315,
394,0.539169045354,0.912622898827,0.00761179828735,0.549635267999,0.715033301618,0.0834126228988,0.922296225817,0.408658420552,0.977798921662,0.891531874405,0.207738661592,0.897240723121,0.225182366001,0.872185220425,0.00602600697748,0.657151918807,
395,0.514285714286,0.553109243697,0.417478991597,0.516806722689,0.15731092437,0.541512605042,0.129075630252,0.564537815126,0.746554621849,0.805882352941,0.91781512605,0.469915966387,0.915294117647,0.774117647059,0.899663865546,0.450420168067,0.495294117647,0.50268907563,0.841848739496,0.540672268908,0.383865546218,0.748907563025,0.44974789916,0.481512605042,0.481512605042,0.912941176471,0.472605042017,0.881512605042,0.891428571429,0.580168067227,
396,0.806616643929,0.181957708049,0.368008185539,0.538028649386,0.454809004093,0.719645293315,0.765518417462,
397,0.973463414634,0.753756097561,0.778536585366,0.99687804878,0.664975609756,0.71356097561,
398,0.362607861937,0.909108341323,0.617066155321,0.966826462128,0.370278044104,0.732694151486,0.747075743049,0.956279961649,0.514285714286,0.378523489933,0.357813998082,0.729050814957,0.985234899329,0.198849472675,0.507957813998,0.0103547459252,0.813422818792,0.67861936721,0.685906040268,
399,0.675584621482,0.878319460959,0.772691240587,0.492865636147,0.730281411019,
400,0.700057350411,0.72854138788,0.337793920856,0.887019690308,0.81265532403,0.675970177786,
401,0.595467032967,0.463427197802,0.614354395604,0.947802197802,0.57606456044,
402,0.48956796628,0.863224446786,
403,0.27546071775,0.165082444229,0.0739088263822,0.946265761397,0.335790494665,0.2898157129,0.680892337536,0.617846750727,
404,0.926136363636,0.509297520661,0.934745179063,0.512224517906,0.458161157025,0.353133608815,0.615702479339,0.12620523416,0.584710743802,0.916150137741,0.793732782369,0.936811294766,
405,0.886710963455,0.98438538206,0.584219269103,0.793687707641,0.784219269103,0.897674418605,0.809302325581,0.96196013289,0.795182724252,0.632724252492,0.458471760797,0.489534883721,0.478737541528,0.27342192691,
406,0.923790913532,0.509688975737,0.908483960267,0.622211366227,0.887803289367,0.681647940075,0.287738153395,0.905878521413,0.817944960104,0.688487217066,0.6950008142,0.568148510015,0.88650056994,0.497150301254,0.766813222602,0.829669434945,0.703305650546,0.796450089562,0.851164305488,0.726428920371,0.317537860283,0.790913531998,0.100635075721,0.896270965641,0.916951636541,0.912066438691,0.879498453021,0.538348803127,0.886663409868,0.362807360365,0.737176355642,0.535906204201,
407,0.376070038911,0.74513618677,0.228793774319,
408,0.623361603701,0.170971472629,0.838473400154,0.466846569005,0.425404780262,0.252698535081,0.965497301465,0.797031611411,0.840400925212,
409,0.607752830551,0.611015160238,0.554212243331,0.997121473805,0.232584916523,
411,0.233293040926,0.488516663789,0.843723018477,0.435676049042,0.725090657917,0.707649801416,0.93196339147,0.00846140562942,0.8772232775,0.665170091521,0.964082196512,0.691072353652,0.742186150924,0.559488862027,
412,0.320651179806,0.424730199378,0.477592829706,0.905615511249,0.31827327602,0.687214194256,0.869215291751,0.842692518749,0.887141027986,0.392902871776,0.708066581306,
413,0.53026928528,0.523790240939,0.430653978538,0.173719376392,0.350475804819,
414,0.569779643232,0.473871983211,0.270724029381,0.956977964323,0.442812172088,0.306820566632,0.640713536201,0.640083945435,
415,0.122957867584,0.00533104041273,0.126397248495,0.126397248495,0.053826311264,0.528116938951,0.546517626827,0.55030094583,0.373172828891,0.586758383491,0.606706792777,0.93671539123,0.590369733448,0.896818572657,0.616165090284,0.565950128977,
416,0.662966878083,0.813072586328,0.860641296688,0.450317124736,
417,0.808246731478,0.970331880657,0.78846798525,0.497988602078,0.371438149514,0.496312437144,0.764666443178,0.850150854844,
418,0.877938213566,0.867696440564,0.830926796508,0.110308932169,0.977333781061,0.98959032908,0.528038952317,0.816655473472,0.57555406313,0.870214909335,0.479516453996,0.918065815984,
419,0.317618783509,0.381771122204,0.506748012572,0.787021630616,0.686078757626,0.178406359771,0.63172490294,0.610094287299,0.824736550194,0.974302089111,0.643741911629,0.051765575892,0.965058236273,
420,0.426671524868,0.85607578794,0.899070869011,0.828201858262,0.662597923119,
421,0.503552559665,0.841136819093,0.645654946256,0.769356895609,
422,0.964864403889,0.460003411223,
423,0.549072512648,0.423946037099,0.886340640809,0.894772344013,0.608431703204,0.734569983137,0.823102866779,0.73018549747,
424,0.667155855591,0.95890813032,0.380393307896,0.652773701203,0.954505429997,0.888758438509,0.351335485765,
425,0.723811135556,0.602132340498,0.887459807074,
426,0.319308943089,0.161991869919,0.818089430894,0.889837398374,0.92174796748,0.0575203252033,0.244512195122,0.823170731707,0.841666666667,0.294308943089,0.922764227642,0.555081300813,0.268089430894,0.308943089431,0.589024390244,0.37256097561,
427,0.606246884865,0.603090214321,0.909951819239,0.875228443263,0.566207011131,0.606579165974,
428,0.0473382749326,0.479784366577,0.714622641509,0.854784366577,0.829009433962,0.945249326146,0.952156334232,0.3224393531,0.655154986523,0.329177897574,0.644710242588,0.296495956873,0.804076819407,
429,0.623258306538,0.0514469453376,0.56270096463,0.951053947839,
430,0.780947614281,0.975642308976,0.901234567901,0.0203536870204,0.945945945946,0.520687354021,0.497163830497,0.913079746413,0.287287287287,0.355188521855,0.376710043377,
431,0.756585699624,0.5910023948,0.374273007184,
432,0.803817427386,0.810622406639,
433,0.594887558647,0.223426629995,
434,0.962434383202,0.918799212598,0.91469816273,0.266896325459,0.938812335958,0.946194225722,0.866961942257,0.852854330709,0.653215223097,
435,0.460785939314,0.623279721439,0.998839330128,0.395125186536,0.86154866523,0.713314541535,0.937489636876,
436,0.834125636672,0.972835314092,
437,0.896845267902,0.232682356869,0.442830913036,0.445167751627,0.339008512769,0.557336004006,
438,0.812260536398,0.890804597701,0.843231162197,0.835089399745,0.467273307791,0.698754789272,
439,0.787366694011,0.806398687449,0.843970467596,0.408203445447,
440,0.419849931787,0.667974079127,0.364938608458,0.0211459754434,0.746248294679,0.959924965894,0.792121418827,0.745054570259,
441,0.674592391304,0.67629076087,0.992527173913,0.788722826087,0.918308423913,0.64894701087,0.813688858696,0.962805706522,0.85886548913,0.169667119565,0.83933423913,
442,0.43728135932,0.104447776112,0.44094619357,0.740796268532,
443,0.0518151287382,0.022869022869,0.815768431153,0.91124260355,0.791300175916,
444,0.739893969516,0.441020543406,
445,0.961426864653,0.795698924731,0.835808158389,
446,0.617777076097,0.0341016735081,0.544205873066,
447,0.397934173669,0.725665266106,0.872198879552,0.570378151261,0.897934173669,0.200630252101,0.109593837535,0.239495798319,0.541666666667,0.635329131653,0.0581232492997,0.103816526611,0.436974789916,
448,0.172479150872,0.873578468537,0.429112964367,0.870924943139,
449,0.894693200663,0.48175787728,0.757048092869,0.816749585406,0.0344112769486,0.541666666667,0.640547263682,0.41811774461,0.000621890547264,
450,0.765745276417,0.141357592722,0.875962211337,0.631210636809,0.484429671099,0.857417774668,0.0118964310707,0.767494751575,
451,0.86459023636,
452,0.598752980011,0.380524481937,
453,0.650862068966,0.733934169279,0.726880877743,0.0305642633229,0.410462382445,
454,0.305341924756,0.391394720432,0.0461442527541,0.550821035128,0.559135314903,0.279359800457,
455,0.859649122807,0.891957616814,0.80458572173,0.582942504777,0.785652249435,0.338196977592,0.555671356609,0.990099009901,0.474205315268,0.953621677957,0.55323953448,0.99739447629,0.325169359041,0.845579294772,0.74361646691,0.862775751259,0.613513982977,
456,0.56191588785,0.314919893191,0.886348464619,0.840120160214,0.715453938585,0.845627503338,0.356475300401,
458,0.183562881012,0.987356062317,
459,0.899490662139,
460,0.898160535117,0.96889632107,0.508026755853,0.563377926421,0.580100334448,0.598160535117,0.198494983278,0.617391304348,0.622240802676,0.127424749164,0.448996655518,
461,0.431072210066,0.727823598721,0.481737081299,
462,0.884438608011,0.172849638871,0.668910045962,0.927445830598,0.887393302692,0.896421536441,0.736539724228,0.889527248851,0.764281024294,0.732107682206,0.736868023638,0.213230466185,0.429251477347,0.273801707157,0.79530531845,0.856204858831,0.528562048588,0.95978332239,0.563690085358,0.693696651346,0.878365068943,0.439592908733,0.688279711097,0.212738017072,0.358502954695,0.648063033487,
463,0.984827586207,0.918103448276,0.74224137931,0.00965517241379,
464,0.474330164218,0.807260155575,0.815211754538,
465,0.938884120172,0.359656652361,0.313819742489,0.371845493562,0.84017167382,
466,0.0204280155642,0.805836575875,0.873346303502,0.868482490272,0.500583657588,0.627626459144,
467,0.914390917459,0.913316968395,0.735808530224,0.384473764959,0.936176741332,0.649585762504,0.896747468549,0.819116293342,0.475299171525,0.290273089905,0.505523166616,0.700828474992,
468,0.542283645936,0.147252385653,
469,0.871828665568,0.987644151565,0.948599670511,0.948599670511,0.884184514003,0.884184514003,0.799505766063,0.671828665568,0.586490939044,
470,0.780241601853,0.809366208837,0.390369022009,0.625682607976,0.478073804402,
471,0.860705802511,0.740753308449,0.992534781133,
472,0.451580020387,0.944274549779,0.676180767924,0.859836901121,0.601936799185,0.526163778457,0.495582738702,
473,0.898697784543,0.493150684932,0.202266193134,0.526974463048,0.404025029596,0.498224251649,
474,0.926568758344,0.703437917223,0.885347129506,0.427570093458,0.0837783711615,0.784045393858,0.270193591455,0.553905206943,0.525367156208,0.987316421896,
475,0.237475915222,0.865446371227,0.471579961464,0.806840077071,0.57530507386,0.365285806037,0.710179833012,0.425979447656,
476,0.625629722922,0.729061712846,0.730950881612,0.829187657431,0.744804785894,0.941750629723,0.374212846348,0.0385705289673,0.815018891688,0.841467254408,0.63476070529,0.838161209068,0.944269521411,0.638696473552,0.942695214106,0.033217884131,0.390270780856,0.682619647355,0.810453400504,0.810453400504,0.687185138539,0.436555415617,0.810295969773,
478,0.987113402062,0.972680412371,
479,0.785667963684,0.882295719844,0.590142671855,0.80804150454,0.869163424125,0.994001297017,0.792315175097,
480,0.675289636566,0.614346929059,
482,0.286290322581,0.836228287841,0.780397022333,0.880272952854,0.638182382134,0.0910359801489,0.789392059553,0.501395781638,0.735732009926,0.607475186104,0.804280397022,0.947890818859,0.890353598015,0.244106699752,0.922301488834,0.790787841191,0.61367866005,
483,0.673529924969,0.797417553656,0.683824812424,0.853952189845,0.944163322282,
484,0.332347140039,0.593096646943,0.378500986193,0.691518737673,0.680867850099,0.510059171598,0.196055226824,0.390138067061,0.376331360947,0.967850098619,
485,0.373398058252,0.679611650485,0.677281553398,0.875339805825,0.249902912621,0.604077669903,
486,0.346044191019,0.873841767641,0.556664290805,0.127405559515,0.722558802566,0.402173913043,0.701532430506,0.593905915895,
487,0.745728976613,0.690661801294,0.902803118262,0.80494277658,0.852546027534,
488,0.879360465116,0.353843669251,0.355620155039,0.955426356589,0.650032299742,0.733527131783,0.806524547804,0.817021963824,0.672642118863,0.943313953488,
493,0.767502021019,0.511236863379,0.799191592563,0.888601455133,0.945836701698,
494,0.765836747558,0.562086353609,0.956980775292,0.319413803971,0.632051686101,0.788055468011,
495,0.110113010722,0.594900028977,0.859171254709,
496,0.534307946239,
499,0.85874033876,0.350929123499,0.350929123499,0.378556158527,0.467028449268,0.906429863509,0.543496135504,0.746258839007,0.775530340405,0.814668640026,
500,0.803969816273,0.697834645669,0.0291994750656,0.632053805774,0.947998687664,0.586942257218,0.395505249344,0.867454068241,0.577099737533,0.147473753281,0.0969488188976,0.307414698163,
501,0.891457616003,0.643056238728,0.429578619446,0.418593212002,0.324315461551,0.991474012133,0.830464010494,0.686833907198,0.0618134120348,0.0618134120348,0.103787506149,0.103787506149,0.103787506149,0.419576979833,0.347761928185,0.816363338252,0.93195605837,0.688637481554,0.525823905558,0.448762092146,0.896540416462,0.267256927365,0.786686342023,0.728152156091,0.797835710772,
502,0.77009003001,0.556852284095,0.510170056686,0.803434478159,0.675391797266,0.438979659887,
503,0.87610313203,0.618273057622,0.655822806714,
504,0.636840571262,0.183182745555,0.000874380647042,0.337219469542,0.751092975809,0.91227047508,
505,0.778022280292,0.534589464998,0.883647366249,0.450832072617,0.903177004539,0.812818044286,0.233530463485,
506,0.127502634352,0.637688795223,0.80435546189,0.762381454162,0.0221285563751,
507,0.818776194468,0.363956412406,0.61743503772,0.968650461023,0.99949706622,0.606873428332,0.851466890193,0.644425817267,0.737300922045,0.253143336127,0.65716680637,0.309807208718,0.817602682313,0.712657166806,0.616093880972,0.84308466052,0.831517183571,0.755406538139,0.889354568315,0.654316848282,
508,0.613302525169,0.508664796171,0.752434395115,0.726192440997,0.300214556858,0.888595477802,0.298564119492,0.876217197557,
509,0.928210313448,0.737108190091,0.166835187058,0.671048196832,0.79271991911,0.474047859791,0.230198854061,
510,0.929238985314,0.725300400534,0.870660881175,
511,0.358933922094,0.85680492036,
512,0.830964467005,
513,0.262996420658,0.902505539458,0.439236407022,0.869780126129,0.988750639168,0.936764956537,
514,0.65692048801,0.56962557846,
515,0.522546419098,0.397170645447,0.352785145889,0.943236074271,0.0305923961096,0.777365163572,
516,0.821809425525,0.8825249398,0.864293085655,0.760061919505,0.699002407981,0.772617819057,0.691434468524,
518,0.781361398744,0.0103547784756,0.510948905109,0.357664233577,0.909183500255,0.538787981667,0.936173824478,0.470378543541,0.225937871329,
519,0.648226203021,0.445907973305,0.950825430277,0.378117316473,0.642430628732,0.901475237092,0.762381454162,0.518440463646,0.702318229715,0.0307341060766,
520,0.573464278837,0.0951280569998,0.958598112844,
521,0.88716525147,0.717178314827,0.997713912476,0.953298497714,0.845689092097,0.81384715872,0.685173089484,0.607935989549,0.852384062704,0.660352710647,0.856466361855,0.353853690398,0.586544741999,0.311887655127,0.635042455911,
522,0.862068965517,0.670079022989,0.961745689655,0.749820402299,0.540229885057,0.806393678161,0.617097701149,
523,0.266666666667,0.673333333333,0.710555555556,0.742962962963,0.483888888889,0.0996296296296,0.556296296296,
524,0.993957210518,0.868365180467,0.194839131145,0.85023681202,0.806957373836,0.932549403887,
525,0.857398665147,0.36985186391,
526,0.886460645382,0.660747823118,0.941608331911,0.559330715383,
527,0.817277400099,0.144752114077,0.00547172939811,
528,0.633263631977,
529,0.297691174063,0.676600622237,0.74586540036,0.927132798428,0.895038480432,0.834288521369,0.997707548715,0.00196495824464,
531,0.869853917663,0.890722822994,
532,0.253841425937,0.141979102643,0.707232124565,
533,0.366086790289,0.818963869241,0.172433569107,
534,0.657564344005,0.599026993095,0.36644695543,0.96971123666,0.656622724419,0.327997489014,0.521814187068,0.599497802888,0.900973006905,0.853578154426,0.428750784683,0.754551161331,0.742310106717,0.624607658506,0.442718141871,0.702291274325,0.611895794099,0.820464532329,0.978656622724,0.895951035782,0.0276208411802,0.813559322034,0.0387633396108,0.916666666667,0.980539861896,0.299591964846,0.231167608286,0.770558694288,0.970809792844,0.771657250471,0.893596986817,0.0494350282486,
535,0.274647887324,0.733176838811,0.645539906103,0.673082942097,0.697183098592,0.692018779343,0.758215962441,0.799374021909,0.674334898279,
536,0.321244477172,0.326951399116,0.0463917525773,0.148564064801,0.804675994109,0.444771723122,0.601435935199,0.809830633284,0.771539027982,0.769329896907,0.648011782032,
537,0.93738100275,
538,0.827271189308,0.604127897141,
539,0.356767411301,0.817345597898,0.779073587385,0.958278580815,
540,0.672443085287,
541,0.810119047619,0.0128968253968,0.247222222222,0.0698412698413,0.506746031746,0.632341269841,0.233928571429,0.827380952381,0.658134920635,
542,0.948670377242,0.0688002473717,
543,0.711420850519,0.956336225288,0.873133266961,0.874413312473,0.358697198123,0.976816953492,0.075522685251,
544,0.229891455608,0.633268392244,0.924575563596,0.776788199276,0.977548937749,0.986269598293,0.903887188051,0.898042490027,0.989238333797,0.945727804063,0.538918267001,0.876611930606,0.770943501252,0.861768253085,0.23323128305,0.804805640597,0.50700436033,0.0315428147323,0.494665553391,0.303738751276,0.604323221078,0.327859727247,0.985156322479,0.0917524816773,
545,0.458430352007,0.24215860841,0.368716614162,0.299684974661,0.533899465827,0.0724558279688,
546,0.671134805788,0.884843869002,0.950799695354,0.780959634425,0.94470677837,0.531302361005,0.514851485149,
547,0.757490554433,0.419031719533,0.981284597136,0.377031895264,0.492399613391,
548,0.879447793117,
549,0.561063003882,0.50223947447,0.770528515975,
550,0.441841280317,0.131166474179,0.574822636529,0.419072760271,0.744101633394,0.480943738657,
551,0.843548881397,0.576923076923,0.650321789764,0.0752375114925,0.834661354582,0.80891817346,0.467821023598,0.778118296047,0.260190009194,0.0295740116457,0.243487588109,0.849984676678,0.057002758198,0.842169782409,0.736132393503,0.990346307079,
552,0.980329185066,0.783085775458,0.525224140238,0.775056871404,0.733708015523,0.635086310719,0.793389535662,0.544627325037,0.479727017262,0.663321289977,0.813729425933,0.105713903386,0.299745751372,0.76368259066,0.0346581025023,0.655693831125,0.604041215041,
553,0.371585381065,
554,0.719363574814,0.0497630331754,
555,0.3136506511,0.688145487203,
556,0.791324435318,
557,0.902606551603,0.843254667136,
558,0.895844674288,
559,0.628571428571,0.702721088435,0.533843537415,0.781292517007,0.670918367347,0.181972789116,
560,0.463312719372,0.71602874812,
561,0.754493048491,0.833672431333,
562,0.0215958172312,
563,0.914775510204,0.429224489796,0.742530612245,0.589224489796,
564,0.953955340142,0.869482430327,0.521550978016,0.704517915873,
565,0.276031606673,0.825987708516,
566,0.781645157085,0.913049146135,0.95776300352,0.348846304263,0.250162951375,
567,0.831604803493,0.961062590975,0.298671761281,0.834152110626,0.249636098981,
568,0.865888931739,0.816332433475,
569,0.798632398019,
571,0.697852760736,0.890720858896,
573,0.955866686958,0.0212296454117,0.51506619997,0.0964845533404,0.043752853447,0.320346979151,0.227438746005,
574,0.908830468487,0.690091001011,
575,0.935175153485,
576,0.600675439618,0.54920228252,0.29183649703,0.851403284034,0.893443577501,0.764993594969,0.163153604286,0.797251659485,0.126936066147,0.126936066147,0.977407709328,0.13764993595,0.978572260394,0.85559566787,0.428671247234,0.199138232211,
578,0.601152073733,0.418433179724,
579,0.752423093131,0.0332911925832,0.814159292035,0.89190897598,0.194690265487,
580,0.836650868878,0.460347551343,0.625276461295,0.374249605055,
581,0.456642953278,0.964622188041,0.369352047683,0.0140357623534,0.778119592386,
582,0.653782744092,0.882579226965,0.21249313061,0.381388532698,0.188862429016,0.597728521707,
583,0.440208294588,0.12590663939,0.446531523154,0.142644597359,0.246233959457,0.379021759345,
584,0.511341114292,0.542171327901,0.476106584453,0.188284518828,0.889892094252,
585,0.64198936978,0.517590483422,0.472918248545,0.995570741584,0.723108073905,0.651227537332,0.721083270058,0.287775246773,0.524044545685,0.544798785118,0.0759301442673,0.228929384966,0.691470513794,0.00506200961782,0.00506200961782,0.899139458365,0.196659073652,0.564160971906,
586,0.882978723404,0.84,0.522553191489,0.774042553191,0.739432624113,0.976879432624,0.870496453901,0.803404255319,0.617730496454,0.0360283687943,0.967517730496,0.0785815602837,
587,0.0436230964467,0.764118020305,0.668147208122,0.0445748730964,0.939086294416,0.650222081218,0.84961928934,0.768401015228,0.0139593908629,0.586294416244,0.755076142132,0.937024111675,0.69527284264,0.977474619289,0.530932741117,0.672430203046,0.536960659898,
588,0.950934579439,0.0224744103249,0.670672007121,0.937027147308,0.518469069871,0.775033377837,0.068090787717,0.906764574989,0.315531820205,0.252225189141,0.479194481531,
590,0.857669902913,0.936310679612,
591,0.715014577259,0.956559766764,0.775801749271,0.557142857143,0.927696793003,0.853790087464,0.846209912536,0.883381924198,0.588192419825,0.84416909621,0.643586005831,0.775655976676,0.872886297376,
592,0.892658144871,0.336283185841,0.422156669944,0.924450999672,
593,0.6394912767,0.512962661014,
595,0.616233766234,0.176785714286,
596,0.321232123212,0.723715228666,0.860757504322,0.756875687569,0.691654879774,0.997171145686,0.816281628163,0.0568914034261,0.661794750904,0.924721043533,0.958195819582,0.75483262612,0.875216093038,0.680653779664,0.0594059405941,0.700612918435,0.6385352821,0.425742574257,0.403583215464,
597,0.4618499919,0.924509962741,0.45245423619,0.965494897133,0.834764296128,0.520654462984,0.84918192127,0.373400291592,
598,0.85840266223,0.65540765391,
599,0.845219228737,0.00704349357281,0.747842930093,0.76932558549,0.635851382286,0.602394787815,0.379292128896,0.805423490051,0.910547631625,0.64518401127,0.667547103363,
600,0.00853623047822,0.255795906489,0.828014356388,0.386652439616,0.708410127073,
601,0.876274870423,0.809898010366,0.940143788664,
603,0.0747814081914,0.381500230097,
605,0.0378743394011,0.917645331767,0.369348209043,0.637257780388,0.039048737522,0.039048737522,0.997504403993,0.408984145625,0.431884908984,0.991045214328,0.139166177334,0.815325895479,0.785819142689,0.893716970053,0.22621843805,
607,0.834661808244,0.603051696652,
608,0.917869485668,
610,0.200088241782,
611,0.674672260094,0.816046145779,0.91274252753,0.320398531725,0.360566334557,0.95920293655,0.765076035658,0.105296276875,
612,0.745082734936,0.65251326881,0.494692475804,0.11770215423,0.76849828286,0.467374336559,0.713705900718,0.721354979707,0.811270683734,0.930533874493,
614,0.241716458446,0.612529422415,
616,0.728166570272,
617,0.876104719026,0.93380023345,0.583791895948,
618,0.304297520661,0.431404958678,
619,0.655063291139,0.945369753498,0.44437041972,0.0293137908061,0.794636908728,0.987841439041,
622,0.90415704388,0.653909600792,0.788518640713,0.879907621247,
623,0.543088116411,
624,0.748286306392,
625,0.646292423999,0.605115007238,0.783657712723,0.897539005951,0.944024449091,0.527103104391,
626,0.512285209571,
627,0.614537444934,0.0884445950525,0.320230430363,
628,0.882098431585,0.132143500992,0.285379484406,0.565530917613,0.593113394628,0.983594735893,0.989543897602,0.998377501352,0.948080043267,0.989363619975,
629,0.348504273504,0.842094017094,0.725854700855,0.548931623932,
630,0.263404042091,
631,0.916267942584,0.847060833903,0.715311004785,0.381408065619,0.40994531784,0.575529733424,
632,0.604502889022,0.684598525603,0.496712492528,0.662084080494,
633,0.1770599671,0.640047854045,0.375654254524,0.797368027516,0.941677882459,0.461492448033,0.70943621953,0.0477045012711,0.789292657395,0.676536563481,0.970390309556,0.674143861223,
634,0.803299902944,0.559851180848,0.900841151731,0.236978324167,0.920899385312,0.324975736008,0.964412811388,0.983824005176,0.0427046263345,0.569556777742,0.95778065351,0.0129407958589,0.864121643481,0.494661921708,
635,0.708679747256,0.765048220818,0.499168606585,0.764881942135,0.424842035251,
636,0.988124690747,0.797789873,0.372587827808,
637,0.790863787375,0.65365448505,
638,0.98398131153,0.372267645587,0.0976138828633,0.67328549975,
639,0.291402994289,0.462571384473,0.759685136595,0.230436795802,0.95662910943,0.512579101713,0.746720172866,0.74533106961,0.824355610434,0.517055101096,0.39975304831,0.042599166538,0.612594536194,0.809384164223,0.084117919432,0.983022071307,0.765087204816,0.767248032104,0.0703812316716,0.62108350054,0.897206359006,0.752430930699,0.0611205432937,0.736070381232,0.663528322272,0.429387251119,0.912486494829,
640,0.835584064821,0.891796083727,0.675894665766,0.650573936529,0.330688723835,0.582039162728,0.704422687373,0.41239027684,0.199020931803,
643,0.911851705778,0.876947347663,0.653322816013,0.854663774403,
644,0.859731333958,0.66104342393,0.462355513902,0.817244611059,0.258512964699,0.367697594502,0.0226491721337,0.548578569197,0.682911590128,0.774133083411,0.00734145579506,0.661512027491,0.932677288347,0.624960949703,0.616838487973,0.536394876601,0.900343642612,0.668072477351,0.901437050922,0.427678850359,
645,0.540835219091,0.967702118906,0.639786052253,0.941164369471,0.521086196256,
646,0.100287989158,0.925292224293,0.711841436558,
647,0.597442455243,0.204262574595,0.853537936914,0.728729752771,0.607672634271,
648,0.459836623553,0.656909462219,0.587814840027,0.765827093261,0.810585432267,0.526548672566,0.650782845473,0.196392103472,
649,0.657375934738,0.494561522774,
651,0.396930533118,0.859935379645,0.957512116317,0.921324717286,0.3450726979,0.352180936995,0.801938610662,0.75928917609,0.0235864297254,
652,0.244928751048,
653,0.864958553127,0.69133383572,0.900226073851,0.781612660136,0.0575734740015,0.955237377543,0.680783722683,0.821250941974,0.796834966089,0.00376789751319,0.278824415976,0.0847023360965,0.528409947249,0.899623210249,0.56006028636,0.547701582517,0.712132629992,0.814619442351,0.0982667671439,0.651243406179,0.436021100226,0.594122079879,0.073700075358,0.0131122833459,0.341974378297,
654,0.908761766836,0.753801593049,0.704975690493,0.917761456501,0.145650149995,0.633805730837,0.543498500052,0.482879900693,0.382228199028,0.976724940519,0.668873487121,0.89283128168,0.916520119996,0.73642288197,0.832626461157,0.246922519913,0.646736319437,0.965242577842,
655,0.719768170426,0.733239348371,0.74295112782,0.583646616541,0.975250626566,0.710526315789,0.666353383459,0.0679824561404,0.893170426065,0.804981203008,0.788847117794,0.858865914787,0.796679197995,0.723997493734,0.423245614035,0.90429197995,0.787280701754,0.0372807017544,0.764411027569,0.877662907268,0.843828320802,0.905231829574,0.535087719298,
656,0.872541545967,0.690958987651,0.945875895716,0.357828937338,0.940234791889,0.64430553438,0.476749504498,0.746912639122,
657,0.914551186328,0.772357723577,0.831757093081,
658,0.0702518462412,0.0342738117781,0.765764059837,0.952092406741,0.919333459572,0.992993751183,0.839992425677,
659,0.695499451153,
660,0.940670824204,0.771784931738,0.84409236474,0.614528906118,0.0303387830777,0.436035732345,
661,0.809523809524,0.699352911896,0.66268458603,
662,0.632696046662,0.771872974725,0.50032404407,0.802171095269,0.607258587168,
665,0.93574547723,0.157829070493,0.97301933874,0.83109794136,0.833281347473,0.59809731753,0.703836556457,0.623830318153,
667,0.687982946976,0.395949906741,0.954969357847,0.0929922728484,0.804956035172,0.75726085798,0.631761257661,
670,0.401129943503,0.522441933459,0.502040175769,0.478656622724,
671,0.488807163415,0.965622001919,0.803965462104,0.978413815158,0.664055004797,0.756795650783,0.500639590662,0.837863767189,0.837863767189,0.912216181644,0.912216181644,0.486728493764,0.801407099456,0.997921330349,0.996642149025,0.889510713144,0.857211384714,0.612887751839,0.612887751839,0.676047329709,0.134953629677,0.915254237288,0.822033898305,0.613687240166,0.693316277582,0.954908858331,0.515030380556,
672,0.957612456747,0.64723183391,0.212283737024,0.828027681661,0.809342560554,0.246539792388,0.536678200692,0.622837370242,0.812629757785,0.934948096886,0.982698961938,0.66107266436,0.250519031142,0.655190311419,0.742560553633,0.554152249135,
673,0.707151664612,0.0463933415536,0.637330456227,0.430024660912,0.696979038224,0.662607891492,0.63209001233,0.916461159063,0.758631319359,0.622379778052,0.799630086313,
674,0.394022617124,0.652342487884,0.864620355412,0.466074313409,0.648465266559,0.683198707593,0.746849757674,0.747819063005,0.727948303716,0.792891760905,
675,0.613568834599,0.651370089138,0.167547045229,0.167547045229,0.173159458567,
676,0.607396954195,0.580643264538,0.580643264538,0.605926971247,0.376256835421,0.55306638443,0.55306638443,0.422708296584,0.651143646734,0.485270770859,0.508672899394,0.54001293585,0.517610395719,0.643676133357,0.543070500382,0.633209854766,0.212147939084,0.572470159346,0.496148644676,0.586875992238,0.476862468395,0.628682307285,0.542541306521,0.488622331981,0.572822955254,0.420473922502,0.493385076733,0.441112483095,0.3201034868,0.540189333804,0.628917504557,0.315869935909,0.546069265597,0.407832069148,0.448168401247,0.137766801905,0.553242782384,0.584406420886,0.375786440877,0.624919150938,0.248779914153,0.331334156524,0.577350502734,0.256835420709,0.589874757453,0.320926677251,0.253601458223,0.0764979126242,0.157758570001,0.874522255542,0.84476980067,0.200740871406,0.601399423767,0.266772505439,0.52496031046,0.54624566355,0.38137237608,0.305462456636,0.203798435938,0.55106720762,0.625389545481,0.640677368143,0.406009290292,0.501616981243,0.454342329629,0.289233844887,0.463632621862,0.497501028988,0.441465279003,0.521432351385,0.473216910684,0.442817663315,0.547598047863,0.640206973599,0.257835009114,0.412771211854,0.492385488328,0.148291879814,0.518198388899,0.479155641795,0.283236314459,0.647674486976,0.288763450344,0.587993179279,0.62344916799,0.571117775034,0.496913035809,0.486740753807,0.560122302581,0.475568883401,0.249073910743,0.464161815723,0.483683189275,0.326101017228,0.164638090198,0.347209972364,0.347915564179,0.536661374728,0.462985829364,0.394837419886,0.580525665902,0.472864114776,0.420885517728,0.479508437702,0.640089374963,0.640089374963,0.403833715529,0.33115775857,0.588698771094,0.202563650262,0.487916740166,0.568001411184,0.494796260363,0.0892573646146,0.430058211325,0.573058152525,0.2525430705,0.631739871817,0.583642029752,0.154818604104,0.451402363733,0.269653672017,0.620979596637,0.469512553654,0.204798024343,0.640971364732,0.622096783677,0.343976009878,0.638266596107,0.48921032516,0.510025283707,0.161404127712,0.570294584583,0.586405597695,0.211265949315,0.156112189099,0.516904803904,0.391721056036,0.648791674017,0.600517433998,0.18445346034,0.362615393661,0.460986652555,0.647321691068,0.581113659082,0.540483330393,0.434762156759,0.61662844711,0.562591873934,0.411007232316,0.305227259364,0.59904745105,0.415828776386,0.606808961016,0.633268654084,0.321161874522,0.587581584054,
687,0.80272972544,0.0545945088081,0.653229646088,0.712426598953,0.00555467386129,0.907792413903,0.730360260276,0.483732740835,0.955721314077,0.355816537058,0.962704332646,0.399777813046,0.843199492144,
688,0.472005932518,0.703188728217,0.812569521691,
689,0.890697674419,0.896705426357,0.923062015504,0.896899224806,0.633333333333,0.356782945736,0.884302325581,0.66492248062,
690,0.538201352965,0.213688818146,0.511738957421,0.377238360525,0.811778750497,
691,0.440743871513,0.651563820795,0.985122569738,
692,0.807679738562,
693,0.960607765898,0.708685049709,
694,0.814893617021,0.530673758865,0.795390070922,0.603546099291,0.637234042553,0.383865248227,0.0820921985816,0.671276595745,
695,0.590631036703,0.466677398583,0.921764327109,0.31793303284,0.898905344495,0.203477141017,0.122182871861,0.764810045074,0.150193174501,
696,0.983865602129,0.334664005323,0.412840984697,
697,0.409366391185,0.662626262626,0.413957759412,0.998163452709,0.969513314968,0.919008264463,0.675298438935,
698,0.574010747435,0.548444878684,0.044129620583,0.468164794007,0.999837160072,0.450578081746,
699,0.943530291698,0.904637247569,0.714472700075,0.714472700075,
702,0.803460659484,0.792850146915,
703,0.475887474883,0.506363027461,0.514735432016,0.715673141326,0.19943067649,0.98626925653,0.207468184863,
704,0.858935293063,
705,0.0199221433478,0.410350354935,0.662010533547,
706,0.627822944896,0.290424570912,0.543134598013,0.427732610659,0.883920505872,
707,0.0297126156844,
710,0.244606819763,0.436325678497,
711,0.320408163265,0.991836734694,0.509276437848,0.460482374768,0.406307977737,
713,0.967731421121,0.818448500652,0.447033898305,
715,0.607142857143,0.491935483871,0.943712969059,0.945194206715,0.83788676761,0.957373271889,0.934990125082,0.881665569454,
716,0.885382320615,0.572774375883,0.843774532894,0.853038153556,0.19704820223,0.271628199089,
717,0.710658202472,0.886735716672,0.132141663882,0.354994988306,0.945038422987,
718,0.530792276964,0.40362849534,0.785785619174,
719,0.71696560803,0.910317590917,0.969063682738,0.761395425374,0.878723054139,0.317426361692,0.922659206845,0.818660523285,0.620865558664,0.802863254896,0.864900444298,
720,0.796535381598,0.39336492891,0.507599280928,0.695538486681,0.496813204772,0.592417061611,0.641281255107,0.977283869913,0.255597319824,0.365746036934,0.509233534891,0.614806340905,0.561856512502,0.426050008171,0.588331426704,0.0496813204772,0.507926131721,0.790161791142,0.364438633764,
721,0.876369067375,0.97975439761,0.913043478261,0.949220046465,0.49120477929,0.768171257883,0.862595419847,
722,0.669811320755,0.420887123469,0.970705064548,0.492221118835,0.523005627276,0.400860642171,0.759185700099,
723,0.700425531915,0.570723404255,0.882723404255,0.966978723404,0.696680851064,0.56885106383,0.896680851064,0.940765957447,0.622468085106,0.748936170213,
724,0.355896852484,
725,0.896475395879,0.732674953176,
726,0.528804131903,
727,0.551371807001,
728,0.226238968092,0.637813985064,0.866089613035,0.0843516632722,0.675492192804,0.641038696538,0.111846571623,0.489986422267,0.617786829599,0.725560081466,0.865241004752,0.900543109301,0.936693822132,0.875424304141,
729,0.721847772481,0.903665954299,0.931941476245,0.359197764261,0.931283905967,0.619102416571,0.38977478218,0.793851717902,0.585237547263,0.733848430051,0.789741903666,0.800920598389,0.525069866842,0.42298208121,0.412460956765,0.933749794509,
730,0.37575362555,0.753136711748,0.806094182825,0.67427081636,0.496007821411,0.883656509695,0.333224702623,0.459344956819,0.758839824018,
732,0.340318524728,
753,0.380963627775,0.373878129428,
754,0.517719897523,0.326857386849,0.311058923997,0.715200683177,0.777113578138,0.525405636208,0.968403074295,
756,0.0283615240048,
757,0.514154941516,0.535344973724,
758,0.113020917788,0.510783200908,0.766174801362,0.319604345711,0.596562347981,0.605480784822,0.520674558132,0.915031619912,0.592346359656,0.832657694179,
759,0.669049202128,0.68633643617,0.533743351064,0.410571808511,0.417386968085,0.598570478723,0.847406914894,0.670545212766,
760,0.845369730477,0.90601243953,0.633206634416,
761,0.853666245259,0.853666245259,0.374525916561,0.84386852086,0.83896965866,0.443900126422,0.812579013906,
763,0.685511225973,0.592957518979,0.538685188176,0.510741398805,0.958488127928,0.598933936359,
797,0.432741550017,0.999487879822,0.392454762718,0.145271423694,0.223967224309,
802,0.674947908319,0.95480044879,0.596249398942,0.468344285943,
803,0.70670250294,0.157567612968,0.40332605409,
804,0.99582898853,0.679527285367,0.964893986792,0.639091646391,0.733286988761,
805,0.930577978689,0.806587019696,
806,0.737450462351,0.844121532365,0.638540290621,0.0260898282695,0.890191545575,0.739266842801,0.810435931308,
807,0.680133555927,
809,0.340668296659,0.379788101059,
811,0.727891156463,0.766156462585,0.63656462585,0.390476190476,0.419557823129,0.700850340136,0.633843537415,0.652551020408,0.575510204082,0.87380952381,0.643707482993,
812,0.698350620643,
813,0.740845070423,0.357370892019,0.630046948357,
815,0.776379624015,0.212856276531,0.526379624015,0.715585203153,0.948453608247,0.824287446938,0.831109763493,0.984990903578,0.483474833232,0.742268041237,0.459066100667,0.799423893269,0.86188599151,0.590206185567,0.0218314129776,
816,0.661058477622,
817,0.82640431609,0.82640431609,0.3343383053,0.752618216439,0.866074262139,0.860996509045,0.907648365598,0.744049508093,0.613138686131,
819,0.869772802107,0.83091866974,0.748929864998,0.720941718801,0.861211722094,0.573921633191,0.84738228515,0.587092525519,0.582976621666,0.749423773461,0.901547579849,0.392986499835,
820,0.916433163013,0.562221855942,0.16433163013,0.745343662436,0.747816054063,0.390473050931,0.342673479479,0.398384704137,0.763474534366,0.433163013021,
821,0.883849372385,0.687531380753,0.550292887029,0.266945606695,0.465439330544,0.904769874477,0.616569037657,0.429790794979,0.470627615063,
822,0.796691113764,0.78441071124,0.71226334641,0.385809312639,0.936380692478,0.832167832168,
823,0.401637945743,0.434226241256,0.878519024057,0.657396348746,0.35847125064,0.474492407439,0.991980890633,0.161917761474,0.884149462549,0.295853949838,0.636068930217,0.972700904283,
824,0.742378559464,0.601507537688,0.601507537688,0.00184254606365,0.568844221106,0.309882747069,0.736850921273,0.251256281407,0.778559463987,0.689614740369,0.886767169179,0.681407035176,0.901340033501,0.849748743719,0.437185929648,
825,0.224161334109,0.730851270118,
826,0.0217531421205,0.587173702868,0.76458266194,
827,0.96300597213,0.820836098208,0.683477106835,0.46897810219,0.830789648308,0.823656270737,
828,0.651646731116,0.32737997706,0.996722923153,0.498934950025,0.690971653285,0.752416844175,0.615107324267,0.185154841881,0.0255611994101,0.515484188104,0.268556447649,0.199082418483,0.63395051614,0.802392266099,
829,0.929931079751,0.97079094191,0.962257958648,0.211519527404,0.771906793567,0.936494913029,0.840170659665,0.122415490647,0.432884804726,0.989497866754,0.465539875287,0.567115195274,0.594847390876,0.532655070561,
830,0.558882907133,0.761103633917,0.636608344549,0.642833109017,0.475605652759,0.94767833109,0.823519515478,0.58967025572,0.590847913863,0.466352624495,0.466352624495,0.647039030956,0.611372812921,0.880215343203,0.22964333782,0.16302153432,0.411507402423,0.738391655451,0.997644683715,0.73233512786,0.720222072678,
832,0.643288352273,
833,0.361582880435,
835,0.770497940846,
837,0.620817245817,0.849742599743,0.708011583012,0.578507078507,0.476673101673,0.667631917632,0.894948519949,0.55518018018,0.993886743887,0.583172458172,0.9962998713,0.661357786358,0.531692406692,0.704311454311,0.876608751609,0.729890604891,
839,0.387361769352,0.999210110585,
842,0.32037037037,
843,0.511759799833,
846,0.971249788601,0.846778285134,0.891256553357,
847,0.581732389619,
