6,0.751019367992,
64,0.114246068455,
138,0.20938576349,0.216704936854,0.135907003444,
154,0.563366137779,0.558746736292,0.907210283189,0.275356497289,0.988752761599,0.948584053023,0.1283390239,0.513556939144,
155,0.92803815844,0.545624222314,0.274574865201,0.834923268353,0.723973454998,0.82745748652,
156,0.137726034184,
157,0.727488151659,0.918884433102,
158,0.388607594937,0.62447257384,0.123839662447,0.23776371308,0.802320675105,0.730801687764,0.733333333333,0.51835443038,
159,0.810376398779,0.231739572737,0.984130213632,0.307019328586,0.706815869786,0.963580874873,0.301729399797,
187,0.59108054138,0.0290658974928,0.0505879742623,0.546927002441,
189,0.0377023730317,
196,0.199279966116,
197,0.559577922078,0.842045454545,0.49237012987,0.57012987013,0.999512987013,0.54025974026,0.956168831169,0.711363636364,0.667532467532,0.824512987013,0.812175324675,0.693831168831,
198,0.88140618382,0.649512918255,0.677678949598,0.66221939856,
199,0.980719794344,0.833676092545,
201,0.963366073799,0.836740111495,0.937085213698,0.477568356783,0.332890894611,
202,0.314492753623,0.0567632850242,
203,0.730195712954,0.0938956197577,0.83201304753,
204,0.912887168142,0.621957964602,
205,0.48226784881,0.915772281848,0.964069062063,0.635557629491,0.109426038264,0.942370508633,0.173588427438,0.874475034998,0.372841810546,0.394773681755,
206,0.529399412012,0.757034859303,0.490340193196,0.607517849643,0.0562788744225,0.404031919362,0.47585048299,0.721545569089,
219,0.836803062934,
226,0.495348309508,0.776491944634,0.610619469027,
227,0.82413712139,0.520309931909,
229,0.804063860668,
230,0.331365764299,0.405251373906,0.375330755139,0.204559332383,0.0679829025036,0.56971300631,0.465092611439,0.449012823122,0.951353551801,0.497862812945,0.60126195807,0.8481579483,0.303684103399,0.690616731122,0.782821086912,0.881945857928,0.99043354366,0.450844697741,0.854060655404,0.462243028699,0.945857927946,0.588438835742,0.773051088948,0.791369835131,0.963362507633,0.154895176064,0.628129452473,0.458579279463,0.387136169347,0.585589253002,0.498269896194,0.768573173214,0.240586199878,0.176877671484,0.176877671484,0.186037044576,0.399552208427,0.225931202931,0.952574801547,0.672705068186,0.821697537146,0.916344392428,0.899653979239,0.987380419296,0.776307754936,0.894361897008,
231,0.997002141328,0.258458244111,0.420770877944,0.995503211991,0.558029978587,0.0254817987152,0.504496788009,0.775374732334,0.776659528908,0.695289079229,0.740042826552,
232,0.8860179204,0.599499895812,0.637632840175,0.778287143155,0.606793081892,0.813294436341,0.626380495937,0.763909147739,0.0875182329652,0.943113148573,
233,0.425964912281,
234,0.639224137931,0.0161637931034,0.983189655172,0.907543103448,0.78599137931,0.143318965517,0.896982758621,0.57974137931,
235,0.999282639885,0.819464371114,0.501912960306,0.74175035868,0.33931133429,
236,0.917204797048,0.0059963099631,0.461946494465,0.481319188192,
237,0.70141746685,0.610425240055,0.756973022405,0.274805669867,0.706904435299,0.80658436214,0.80955647005,0.0224051211706,0.253543667124,0.00845907636031,0.703246456333,0.135802469136,0.842706904435,
239,0.892877656519,0.36444572085,
240,0.90245398773,
241,0.266829865361,0.0279069767442,
242,0.661016949153,
243,0.848357015986,0.689609236234,0.468694493783,0.21203374778,0.915852575488,0.0908081705151,0.523312611012,0.985124333925,0.317717584369,0.952930728242,0.615452930728,0.913854351687,0.570825932504,0.577264653641,0.830595026643,0.314609236234,0.946047957371,
244,0.354735152488,0.535886264618,0.931437743637,0.580830084843,
245,0.297320471597,0.791854233655,0.908896034298,0.445659163987,0.461093247588,0.867309753483,0.974062165059,0.0900321543408,0.913397642015,0.972775991426,0.836012861736,0.551982851018,0.604715969989,0.733118971061,0.504394426581,
246,0.0248604769153,0.68366311517,0.106037544394,
247,0.213623046875,0.39599609375,0.031982421875,0.029296875,0.62158203125,
248,0.0324419976406,0.929414077861,0.907786079434,0.587691702713,0.741053873378,0.698191112859,0.717459693276,0.770939834841,
249,0.0181908796412,0.617493147271,0.342885621729,0.662845751308,0.420632942935,0.162222775978,0.124345875903,0.645900822327,0.772987789684,0.305507101919,
250,0.722624434389,0.531825037707,0.871644042232,0.18431372549,0.796681749623,0.518702865762,0.792307692308,0.919004524887,0.242684766214,0.770588235294,0.998793363499,0.997285067873,0.660030165913,0.482956259427,0.960030165913,0.989291101056,0.709049773756,0.818702865762,0.490196078431,
251,0.182441439726,0.141115977909,0.50199961912,0.501237859455,0.718339363931,0.61397828985,
253,0.428168291432,0.295023088763,
254,0.857585825028,0.802214839424,
256,0.080852093924,0.861534737352,0.82304526749,0.267731784072,0.882595013314,0.997821350763,
257,0.785152636448,0.725948196115,0.622571692877,
258,0.854331653468,0.854331653468,
259,0.97852081488,0.271257750221,0.271257750221,0.205270150576,0.294508414526,0.412090345438,0.799158547387,
260,0.926014319809,0.633054892601,0.641209228321,
261,0.795025333947,0.54813450023,
262,0.738310254867,0.736102749348,0.567529600642,0.33955448525,
263,0.0455752212389,0.591150442478,0.698672566372,0.482743362832,0.68517699115,0.469690265487,0.966371681416,
264,0.139289145053,
265,0.031898340249,0.318205394191,
266,0.598495926468,0.509713808231,
267,0.82183908046,0.850148999574,0.548531289911,0.789697743721,0.250532141337,0.294167730949,0.593231162197,0.911664538101,
268,0.483963344788,0.446544482627,0.124665903016,0.472699503627,0.764604810997,0.958381061474,0.818823978618,0.567583046964,0.531118747614,0.990454371898,
269,0.464029609068,0.0754105944946,0.157992135091,0.852648623641,0.553319454083,
271,0.568901506879,0.924874426731,
272,0.06784519828,0.461777353082,
273,0.864782608696,0.718043478261,0.211956521739,0.456086956522,0.91152173913,
274,0.993660855784,0.998019017433,0.370443740095,0.630546751189,0.193938193344,0.349643423138,0.604001584786,0.318938193344,0.318938193344,0.139263074485,0.139263074485,0.950277337559,0.506141045959,0.506141045959,0.477416798732,0.477416798732,0.888470681458,0.685023771791,0.877575277338,0.951267828843,0.773573692552,
275,0.990456238361,0.172253258845,0.491852886406,0.0260707635009,0.795856610801,0.750465549348,0.553072625698,0.827048417132,0.696694599628,0.751396648045,0.460661080074,0.738361266294,0.497206703911,0.211359404097,0.504888268156,0.231145251397,0.97113594041,0.0339851024209,
276,0.104578096948,0.0399461400359,0.657091561939,
277,0.472846839202,0.660161221892,0.739287229529,0.922571064913,0.680313958422,0.612431056428,0.347687738651,
278,0.442002176279,0.646789989119,0.730794341676,0.758215451578,0.946245919478,0.924483133841,
279,0.72438752784,0.304565701559,0.393466963623,0.493689680772,0.7858203415,0.97141796585,0.978470675575,0.188381588716,0.981811432814,0.533407572383,0.784706755754,0.957683741648,0.250371195249,
280,0.534117647059,0.862459893048,0.321069518717,0.282780748663,0.105240641711,0.0958288770053,
281,0.771734651834,0.551503914297,0.648743304491,0.708693860733,0.0712814173877,0.837453646477,0.145035022662,0.215492377421,
282,0.78619073373,0.684784568235,0.990355146926,0.801424193258,0.859744005769,0.75896881197,0.856138453218,0.298990445286,0.95150531819,0.877591490896,0.747431043807,0.982783486569,
283,0.188470776621,0.187830264211,0.939791833467,0.567974379504,0.600160128102,0.597758206565,0.973738991193,0.964131305044,0.695436349079,0.48710968775,0.887429943955,0.472377902322,0.877502001601,0.930184147318,0.476060848679,0.445476381105,0.445476381105,0.445476381105,0.445476381105,0.103122497998,0.8,0.799839871898,
284,0.963492937076,0.860025683361,0.846450192625,0.32177582095,0.284534947716,0.0357732526142,0.257200513667,0.655292606861,0.248761695102,0.917813245276,0.79233168226,0.807558246193,
285,0.663479565054,0.624859392576,0.666666666667,0.758155230596,0.949381327334,0.673228346457,0.673228346457,0.520997375328,0.360704911886,0.787214098238,0.566554180727,0.136857892763,0.296212973378,
286,0.340985983567,0.0782986950217,0.233929434509,0.608023199613,0.87264378927,0.0270662155631,0.386418559691,0.458917351377,0.0570323827936,
287,0.11527713088,0.690032603633,0.0214252445272,0.797391709362,0.775966464835,0.0412203074057,0.785281788542,
288,0.734228187919,0.745637583893,0.63288590604,
289,0.47322193659,0.237146529563,0.0239931448158,0.14353041988,0.0694087403599,0.750214224507,0.711868037704,0.81705227078,0.0220651242502,0.457797772065,0.914738646101,0.0959725792631,0.791131105398,0.727292202228,
290,0.196526508227,0.893418647166,0.946435100548,0.936197440585,0.926142595978,0.686106032907,0.606032906764,0.985191956124,
291,0.920200712205,0.893493039819,0.923438005827,0.671738426675,0.316445451602,0.702816445452,0.548073810295,0.741502104241,0.448850760764,0.670443509226,0.892683716413,0.950469407575,0.81466494011,0.536257688572,
292,0.614010343206,
293,0.755606791029,0.914692936491,0.998113603018,0.773422762524,0.890169775728,0.808006707189,0.672395724167,0.703835673863,
294,0.667386609071,0.936645068395,0.83441324694,0.0950323974082,0.814974802016,0.659287257019,0.518538516919,0.305615550756,0.732361411087,0.841432685385,0.971022318215,0.938264938805,0.891288696904,0.879589632829,0.541216702664,0.0341972642189,0.987401007919,0.66252699784,0.75161987041,0.906947444204,0.0957523398128,0.955183585313,0.315874730022,0.803995680346,
295,0.356589147287,0.373929008568,0.662586699306,0.747246022032,0.0238678090575,0.915952672379,0.478580171359,0.880252957976,0.483476132191,
296,0.743344709898,0.258248009101,0.138339021615,0.279408418658,0.839817974972,0.917406143345,
297,0.676693310896,0.696045435423,0.910391249474,0.615481699621,0.511989903239,0.955195624737,0.504206983593,0.5113588557,0.990113588557,0.031973075305,0.694152292806,0.0422801851073,0.858435002103,
298,0.26041429547,0.861597996813,0.640109264739,0.935579330753,0.830412019121,0.19576599135,
299,0.899779735683,0.712114537445,0.866299559471,0.638105726872,0.359251101322,
300,0.816770905722,0.818624044475,0.803104007413,0.488070419273,0.805652073199,0.978225619643,0.908037989344,0.0189946722261,0.89460273338,0.421820708826,0.607134584202,0.196895992587,0.82603659949,0.0477183229094,
301,0.995011927998,0.521145087833,0.507698980698,0.0323140316634,
302,0.656309208033,0.712580522925,0.95168624479,0.581659719591,0.887457370216,0.963054187192,0.14039408867,0.574838954149,0.74914740432,0.246873815839,0.589996210686,0.924592648731,0.781735505873,
303,0.920936232952,0.158680427571,0.350350165868,0.144858090675,0.769996314043,0.0337265020273,0.952451161076,0.849060081091,0.970143752304,0.817360855142,0.794323626981,0.812384813859,0.612053077774,0.79358643568,0.919277552525,0.911352746038,0.918356063398,0.792112053078,0.383155178769,0.555473645411,
304,0.979427836708,0.878977820636,0.952266152363,0.652523304404,0.5506268081,0.410318225651,0.813886210222,0.506589521054,0.675506268081,0.908228865317,0.981035036966,0.159594985535,0.765027322404,0.673738347798,0.855351976856,0.848923175828,0.681292189007,0.808903889425,0.394728383157,0.922693667631,0.997428479589,0.549180327869,
305,0.968846153846,0.454807692308,0.839230769231,0.660769230769,0.7975,0.874230769231,0.123461538462,0.523653846154,
306,0.540926908001,0.49158404427,
308,0.0427328556807,0.586745138178,0.266888433982,0.667860798362,0.733879222108,0.600562947799,0.67758444217,0.506908904811,
310,0.793377183035,0.91267861193,0.201179405761,0.258788841007,
311,0.203610832497,0.630692076229,0.872417251755,0.828284854564,0.945837512538,0.965897693079,0.618254764293,0.950050150451,0.161083249749,0.329588766299,0.943229689067,0.0854563691073,
312,0.652584173279,0.782543426978,0.99678318679,0.945314175424,0.357280720566,0.506969761956,0.755093287583,0.870469654729,0.0428908428051,0.895989706198,0.993780827793,0.78318678962,
313,0.399041916168,0.413173652695,
314,0.549876339654,0.68713932399,0.141178895301,0.882728771641,0.49361088211,
315,0.486552567237,0.939986663703,
316,0.729624307124,0.488195442414,0.555122151509,0.707041675221,0.958940669267,0.912543625539,0.623485937179,0.544857318826,0.937179223979,0.763292958325,0.782796140423,0.449189078218,
317,0.0270103092784,0.465773195876,0.0612371134021,0.712989690722,0.471958762887,0.397319587629,
318,0.100356718193,0.635909631391,0.0796670630202,0.857550535077,0.682282996433,0.326516052319,0.484423305589,0.261831153389,
319,0.39306751246,0.35138196647,0.754191209787,
320,0.465198584349,0.587691702713,0.0100275265435,0.0147463625639,0.173417223751,0.645300825796,0.0204482894219,
322,0.934155744025,0.961295296839,0.445643793369,0.676021588281,0.848419429453,0.867694680031,0.597841171935,0.437779491133,0.741557440247,0.773477255204,0.625905936777,0.72367000771,0.63932151118,0.592598303778,0.982729375482,
323,0.951937224129,0.947032859245,0.955860716037,0.955860716037,0.667729279058,
325,0.269747235387,0.269747235387,0.269747235387,0.269747235387,0.269747235387,0.392969984202,
327,0.623424021234,
328,0.971392405063,
329,0.581515364767,0.853155055125,0.673234811166,
330,0.968706342554,0.547080189997,0.687901648505,0.306789606035,
333,0.29395465995,
334,0.634694318427,
335,0.490344977218,0.0781080494684,0.584725536993,
336,0.969246031746,0.852777777778,0.928571428571,0.534523809524,0.42123015873,0.299801587302,0.889880952381,0.902976190476,
337,0.572723609992,0.444198227236,0.755842062853,0.790692989525,0.804794520548,0.92042707494,0.202457695407,0.661361804996,0.569903303787,0.420628525383,0.712328767123,
338,0.580911983033,0.223541887593,0.713255567338,0.572004241782,0.474655355249,0.640721102863,0.98112407211,0.77539766702,0.847083775186,0.0207847295864,0.301802757158,0.883563096501,0.940615058324,0.905408271474,0.402332979852,0.661930010604,
339,0.675379229872,0.667677946324,0.63780630105,0.828004667445,0.881213535589,0.893348891482,0.608634772462,0.579929988331,0.72065344224,0.935355892649,0.602567094516,0.837572928821,
340,0.737173507463,
341,0.807661452066,0.401323706378,0.449859606899,0.896309667068,0.0551544324108,0.783594063377,0.544123545929,0.807460890493,0.714199759326,0.522663457682,0.941034897714,0.766746891296,0.104091456077,0.0435218612114,0.97332531087,0.89149618933,0.057761732852,
342,0.727350063803,0.614632071459,
343,0.748041775457,0.953748601268,0.711488250653,0.0486758672137,0.564714658709,0.802872062663,0.39313688922,0.0699365908243,0.875419619545,0.33681462141,0.705520328236,0.837933606863,0.0777694889966,
344,0.995983935743,0.863926293409,0.583746751713,0.232695487834,0.592251358375,
345,0.107124148769,0.226296490309,0.946045049764,
346,0.731390134529,0.00067264573991,0.588116591928,0.245515695067,0.541479820628,
347,0.0127272727273,0.281818181818,0.870454545455,0.687045454545,
348,0.49034845826,
349,0.918831866008,0.891990551857,0.803951041443,0.899291389306,0.604251664161,
351,0.650886075949,0.444050632911,
352,0.0266826923077,0.691346153846,
353,0.865637766682,0.788924194281,0.589650476623,0.751929187472,0.944394008171,
354,0.588481675393,
355,0.880091533181,0.921510297483,0.640274599542,0.54118993135,
356,0.197421076034,0.933526011561,0.424188528235,0.699199644286,0.809915518008,0.651400622499,0.378390395731,0.83148065807,0.26634059582,0.375944864384,0.489550911516,0.963983992886,
357,0.769230769231,0.752508361204,0.742103307321,0.434410999628,0.67094017094,0.686733556299,
358,0.0279991825056,0.041692213366,0.434089515635,
359,0.733888048411,0.268229954614,0.817700453858,0.771709531014,0.981240544629,0.78154311649,0.936611195159,0.776853252648,0.642662632375,0.900756429652,0.859757942511,0.697428139183,0.403933434191,0.00499243570348,0.619818456884,0.598184568835,0.391376701967,0.583812405446,
360,0.326293103448,0.996120689655,0.832543103448,0.599784482759,0.33599137931,0.909913793103,0.858836206897,0.843965517241,
361,0.301200300075,0.0247561890473,0.735371342836,0.738184546137,0.691485371343,0.815453863466,0.132970742686,0.632033008252,0.0945236309077,0.53544636159,0.902475618905,0.535633908477,0.810015003751,0.705551387847,0.774381095274,0.0043135783946,0.158664666167,0.389534883721,0.723743435859,0.700300075019,0.770630157539,
362,0.434379941269,0.352157217077,
363,0.647227112676,0.169674295775,0.585167253521,
364,0.489411217128,0.963928322085,0.972073539679,0.961368396556,0.116592971841,0.700954154061,0.602746101932,0.9043518734,
365,0.97047289504,0.958708189158,0.640138408304,0.441061130334,0.128719723183,0.812687427912,
366,0.00126582278481,0.851107594937,0.318196202532,0.515981012658,0.867563291139,0.731487341772,0.745727848101,0.465664556962,0.779588607595,0.273892405063,0.175,0.443037974684,0.512025316456,0.918670886076,0.461708860759,0.274683544304,0.644620253165,
367,0.583562222692,
368,0.654638081087,0.629378051369,0.536404160475,0.720653789004,0.179155168754,0.586075143282,0.692209721927,0.467628953513,0.14964975589,0.861388240289,0.199533007854,0.667798768839,
369,0.726059823542,0.0527221863568,0.575640197977,0.749300624059,
370,0.872822665268,0.663798530955,0.7685204617,
371,0.99593731863,0.886535113175,0.709808473593,0.844022054556,0.439059779454,0.755803830528,0.79526987812,0.708647707487,0.810359837493,0.989408009286,0.76450957632,0.333430063842,0.658444573418,
372,0.888978278359,
373,0.887430797621,0.270248103342,0.823046955095,0.327045314743,0.891736723396,0.538035677671,
376,0.712489694971,0.978565539984,0.035449299258,0.129018961253,0.73660346249,
377,0.817997156206,0.876294942108,0.951655494617,0.870201096892,0.795653057079,0.0434694292098,
378,0.298577235772,0.833333333333,0.119918699187,0.538617886179,0.988414634146,
379,0.628611369991,0.637931034483,
380,0.763015075377,0.903115577889,0.845025125628,0.317989949749,0.984924623116,0.850251256281,0.862713567839,0.953165829146,0.306130653266,0.294271356784,0.490854271357,
381,0.0288602641448,0.748736344367,0.103212131094,0.61470732105,0.632153921409,0.849176585684,0.977335724768,0.546062285994,
382,0.547330355244,0.691767708998,0.533503509892,0.907679217188,0.725803020634,0.159753243991,0.0861518825782,0.997447351627,0.0180812593065,0.580514784088,0.85513720485,
383,0.817556258137,0.637530221313,0.601822577646,0.0219453226706,0.489492281942,0.851218151386,0.972289380696,0.18169983262,0.234517388879,0.0507718058397,0.687186163288,0.457132229868,0.90310582109,0.377533940859,
384,0.681490384615,0.784254807692,0.391826923077,0.226161858974,0.655248397436,0.531450320513,
386,0.738985868662,0.0097672485453,0.672485453034,
387,0.0204763894693,0.0409527789386,0.852068533222,0.0457584621814,0.789803593815,0.483911408274,0.461136648558,0.837651483494,0.940869201839,0.0399080651901,
388,0.50320610687,0.98106870229,0.972519083969,0.761526717557,0.950381679389,0.648702290076,0.461832061069,0.995419847328,0.999389312977,0.23572519084,0.937557251908,0.529007633588,0.951908396947,0.436335877863,0.602900763359,0.803053435115,0.962900763359,0.759083969466,0.860305343511,0.775114503817,0.657557251908,
389,0.189149560117,0.860337243402,0.0873655913978,0.0458211143695,0.640029325513,0.323191593353,
390,0.870944221655,0.968829748451,0.758293838863,0.716551221291,0.971563981043,0.94604447685,0.796208530806,0.695224207073,0.795661684287,0.946409041196,0.539919795844,
391,0.925082781457,
392,0.830365690216,0.921309592188,0.83936434999,0.792073520965,
393,0.457576191158,0.888109886965,0.88152811561,0.957504650165,0.731148948347,0.764773215052,0.927457433109,0.484046358563,0.651309200172,0.800972957505,0.878809557877,0.932465302618,0.552868793819,0.770639576477,0.957933896122,0.497925311203,0.804120761196,0.888682214909,0.793389612248,0.761053083417,0.948347403062,0.8448991272,0.606953784519,0.873229360424,0.769781084561,0.7908141365,0.682644155101,0.972099012734,0.684647302905,
394,0.171981368685,0.869939089932,0.758509494805,0.351307774991,0.709781440344,0.0157649587961,0.770512361161,0.534217126478,0.0512361160874,0.967395198853,0.102293084916,0.0899319240416,0.680222142601,0.887674668578,0.861160874239,0.457721246865,
395,0.769550058111,0.794952681388,0.504067740329,0.604183961481,0.17134318446,0.531462726216,0.222646521667,0.817200730533,0.745641706791,0.999833969783,0.979578283248,0.736510044828,0.95483978084,0.714428025901,0.721567325253,0.784658807903,0.731363108086,0.769051967458,0.87448115557,0.90436659472,0.871492611655,0.749294371576,0.904034534285,0.722895566993,0.722895566993,0.775693176158,0.564502739499,0.667939565001,0.788145442471,0.906857047983,
396,0.488600628931,0.0391116352201,0.342570754717,0.712264150943,0.636988993711,0.820558176101,0.955385220126,
397,0.77237202032,0.127198124267,0.81809300508,0.777061352091,0.457796014068,0.694998046112,
398,0.441428571429,0.78,0.590535714286,0.994642857143,0.368928571429,0.753214285714,0.89375,0.838928571429,0.814821428571,0.791071428571,0.430535714286,0.445178571429,0.974464285714,0.536607142857,0.6925,0.990535714286,0.969464285714,0.746607142857,0.888214285714,
399,0.906048150323,0.863378351928,0.714229790566,0.510275983558,0.393814836563,
400,0.873456790123,0.973359324237,0.671864847303,0.656757634828,0.722384665367,0.918128654971,
401,0.361854870004,0.649010477299,0.903376018626,0.994373302289,0.855646100116,
402,0.880400890869,0.793541202673,
403,0.504508566276,0.0649233543733,0.00315599639315,0.325293056808,0.36045987376,0.291027953111,0.472497745717,0.994138863841,
404,0.557121179276,0.782137437676,0.622805115977,0.469542597008,0.62844136137,0.247994797312,0.473011055712,0.0810752221981,0.862128766529,0.805332755257,0.952308692825,0.797311944505,
405,0.844802342606,0.932975435172,0.555067512608,0.837319017407,0.987636245323,0.993980803644,0.648934439564,0.675451439727,0.906295754026,0.796974133724,0.810151293314,0.779729949569,0.635269237026,0.169513583862,
406,0.961441494884,0.909980720747,0.857778436898,0.666765534629,0.975530179445,0.987246032923,0.408720154234,0.402491472638,0.838202580454,0.706510455287,0.836719561026,0.81432596767,0.707845172772,0.627465519798,0.617232685748,0.917247515942,0.700281773691,0.619160611004,0.712887438825,0.377131840427,0.560877947501,0.567848138811,0.29437935637,0.982648672698,0.815364081269,0.719116120421,0.721637253448,0.699985169806,0.916506006229,0.436600919472,0.738098769094,0.736912353552,
407,0.563102443398,0.994844205335,0.859672719121,
408,0.43555769694,0.0896169597687,0.986991086485,0.941700794989,0.359431462298,0.292700554083,0.435316791135,0.78222115153,0.887978800289,
409,0.884595569294,0.67181865018,0.831787738279,0.623390005152,0.557959814529,
411,0.00941028858218,0.515056461731,0.651401087411,0.878293601004,0.850899205353,0.800920117106,0.946884148892,0.0112923462986,0.986825595985,0.889167712254,0.896068590548,0.958594730238,0.995190296947,0.480133835215,
412,0.69366872735,0.550842037945,0.00810061820507,0.487955659774,0.0944361543381,0.50842037945,0.743125133234,0.969942442976,0.840972074185,0.849285866553,0.960989128118,
413,0.849107142857,0.358928571429,0.845758928571,0.409375,0.808705357143,
414,0.98393301652,0.800181036434,0.767820773931,0.829373161349,0.926227653315,0.993211133741,0.519348268839,0.838424983028,
415,0.361333073475,0.0253361917755,0.247904891834,0.185149093744,0.651724809979,0.978951471448,0.719547846424,0.659715455077,0.45819528357,0.616254141493,0.0699668680569,0.734554667706,0.939388033522,0.912102903917,0.654843110505,0.98245955954,
416,0.786895541135,0.817249319657,0.322378061545,0.740422859535,
417,0.0169788202346,0.895501487835,0.755294941362,0.584281463329,0.477857517942,0.555399964992,0.697531944688,0.981970943462,
418,0.687916830129,0.843664182032,0.974107493135,0.12024323264,0.794233032562,0.876814437034,0.695763044331,0.806394664574,0.680070615928,0.522361710475,0.810317771675,0.946449588074,
419,0.556499407349,0.991110233109,0.649743184512,0.707230343738,0.915645989727,0.166732516792,0.721058870012,0.826155669696,0.925128407744,0.996839193994,0.645397076254,0.0227182931648,0.906558672461,
420,0.494267791477,0.661258922777,0.960199004975,0.943110534285,0.806186459009,
421,0.8339269813,0.847729296527,0.983303650935,0.86375779163,
422,0.82464846981,0.385856079404,
423,0.668205317578,0.4761816839,0.781019202363,0.967319054653,0.45734859675,0.951994091581,0.942023633678,0.665435745938,
424,0.966142107773,0.858369098712,0.474010491178,0.846208869814,0.966380543634,0.867906533143,0.00214592274678,
425,0.670241898676,0.581013235965,0.817206754906,
426,0.743600080629,0.304978834912,0.612981253779,0.815359806491,0.915138077001,0.232815964523,0.265873815763,0.635960491836,0.85446482564,0.659141302157,0.520661157025,0.618625277162,0.448699858899,0.593025599677,0.919572666801,0.620237855271,
427,0.907799915218,0.785714285714,0.875370919881,0.720220432387,0.568037303942,0.39359898262,
428,0.00563236047107,0.671104284008,0.882232462878,0.958354668032,0.869260966035,0.816692268305,0.956306536952,0.216760539341,0.413722478239,0.331967912613,0.560675883257,0.309609148319,0.602150537634,
429,0.810129357597,0.0124972593729,0.18526638895,0.904187678141,
430,0.631318341242,0.957293171034,0.899112853311,0.960594181968,0.86094491438,0.286362698576,0.181555601403,0.922426243037,0.134516195585,0.0866515370332,0.410563234991,
431,0.682729375482,0.559946029298,0.0990747879722,
432,0.836775726558,0.885212940961,
433,0.603214562355,0.0975987606507,
434,0.715603690333,0.685720016045,0.814480545527,0.0429201764942,0.962494985961,0.10268752507,0.181508223024,0.809265944645,0.561371841155,
435,0.443100713719,0.339214908803,0.985527359239,0.197462331483,0.796391752577,0.755352894528,0.829896907216,
436,0.894643254056,0.997999555457,
437,0.796120511762,0.0383821708626,0.391250515889,0.275691291787,0.106066859265,0.72224515064,
438,0.732799695064,0.841433199924,0.911377930246,0.865446922051,0.624547360396,0.699256718125,
439,0.643229166667,0.944010416667,0.997953869048,0.604352678571,
440,0.567636786962,0.811408614668,0.634924330617,0.0756693830035,0.880325960419,0.75529685681,0.0102444703143,0.717811408615,
441,0.221298584588,0.719164232757,0.820265108964,0.903617164682,0.806784992137,0.362165805437,0.748146483936,0.929004718041,0.829251853516,0.0501011008762,0.787238822736,
442,0.47913608723,0.0549381421682,0.279303837282,0.597190186622,
443,0.099533106961,0.601443123939,0.773556876061,0.00764006791171,0.802843803056,
444,0.691859209674,0.241200604621,
445,0.0244947948561,0.827311696265,0.778526229843,
446,0.496430532674,0.0896943071572,0.429434376716,
447,0.357456140351,0.779605263158,0.89100877193,0.288815789474,0.769298245614,0.094298245614,0.151315789474,0.352412280702,0.450877192982,0.598026315789,0.0447368421053,0.143201754386,0.733552631579,
448,0.0594732370433,0.939039932031,0.556499575191,0.785046728972,
449,0.88241593489,0.627543371172,0.723709573785,0.949453844506,0.825658599272,0.531377168559,0.390019276076,0.0897408438638,0.0364103662454,
450,0.943549990062,0.073742794673,0.750944146293,0.607831445041,0.498310475055,0.836016696482,0.562711190618,0.925859670046,
451,0.909221902017,
452,0.419088117175,0.0552799433026,
453,0.770810087034,0.792680205311,0.768801606784,0.0604775719705,0.37759428699,
454,0.298747763864,0.851744186047,0.00268336314848,0.807915921288,0.480992844365,0.72137745975,
455,0.627028096557,0.957063711911,0.572417886822,0.855559952513,0.0164226355362,0.271072417887,0.716660071231,0.780965571824,0.654728927582,0.625247328848,0.281361297982,0.836367233874,0.648397309062,0.669766521567,0.66778789078,0.844677483182,0.703798971112,
456,0.746076763093,0.25770467007,0.668179239932,0.947249007374,0.866704480998,0.613159387408,0.325014180374,
458,0.953911604822,0.046797447412,
459,0.953390817991,
460,0.492829204694,0.675575836593,0.706214689266,0.416992611908,0.459365493264,0.86962190352,0.0308561495002,0.324641460235,0.573011734029,0.051716644937,0.441329856584,
461,0.0965957446809,0.533829787234,0.382340425532,
462,0.963273676361,0.037658463833,0.796979865772,0.609060402685,0.858501118568,0.928225205071,0.617263236391,0.980052199851,0.560216256525,0.456375838926,0.876398210291,0.231543624161,0.73023862789,0.0805369127517,0.743288590604,0.515659955257,0.447427293065,0.789149888143,0.878262490679,0.792132736764,0.799962714392,0.364466815809,0.702087994034,0.13721103654,0.285980611484,0.653803131991,
463,0.637117472853,0.922408687068,0.633958538993,0.10918065153,
464,0.828234265734,0.464160839161,0.930725524476,
465,0.998029772329,0.255253940455,0.342162872154,0.386164623468,0.691549912434,
466,0.0398089171975,0.537420382166,0.811703821656,0.977507961783,0.968949044586,0.670581210191,
467,0.0892282958199,0.719453376206,0.124758842444,0.32540192926,0.6,0.777813504823,0.749678456592,0.868649517685,0.37845659164,0.20192926045,0.380225080386,0.457073954984,
468,0.809907120743,0.0885448916409,
469,0.830970556161,0.83227917121,0.934787350055,0.934787350055,0.976663031625,0.976663031625,0.806979280262,0.719302071974,0.850381679389,
470,0.537468247248,0.245977984759,0.225867908552,0.660880609653,0.593564775614,
471,0.394224458543,0.526361846423,0.248742069569,
472,0.650330521997,0.441075906086,0.422612263506,0.961705037611,0.67038978801,0.500341919307,0.918851151128,
473,0.972961464765,0.178837555887,0.0785607834788,0.45305514158,0.442835852672,0.406003832233,
474,0.000199760287655,0.676188573712,0.897323212145,0.702556931682,0.0639232920495,0.918697562924,0.310627247303,0.6456252497,0.85517379145,0.701757890531,
475,0.0214240705734,0.60554505356,0.295316110061,0.339004410838,0.938248267171,0.211510186936,0.772946859903,0.379962192817,
476,0.454774774775,0.841981981982,0.841801801802,0.895495495495,0.672252252252,0.977117117117,0.24018018018,0.308288288288,0.581261261261,0.754234234234,0.913513513514,0.764864864865,0.905045045045,0.662522522523,0.98972972973,0.332792792793,0.305765765766,0.912972972973,0.635855855856,0.635855855856,0.801261261261,0.403423423423,0.894234234234,
478,0.5648,0.986514285714,
479,0.765485808991,0.970582142117,0.729231406671,0.826186036876,0.986119743112,0.653407913818,0.887922104827,
480,0.440779014308,0.456875993641,
482,0.307975821908,0.793306796403,0.888839746425,0.619489901224,0.736547250479,0.356037151703,0.850950906678,0.700869821613,0.736989532655,0.810260946484,0.800530738611,0.979949874687,0.74318148312,0.21568627451,0.986141825151,0.838714433142,0.792717086835,
483,0.864312267658,0.675134242049,0.756299049979,0.543163981826,0.00660883932259,
484,0.26148117501,0.882912701696,0.349606950765,0.638394704179,0.432974762102,0.401944559371,0.211005378568,0.393876706661,0.617914770376,0.935250310302,
485,0.769148251448,0.530572838447,0.875348637631,0.877923192448,0.330401201459,0.80519201888,
486,0.327984996874,0.977912065014,0.715774119608,0.073765367785,0.917899562409,0.364659304022,0.488851844134,0.761408626797,
487,0.731366764995,0.590560471976,0.828121927237,0.7465093412,0.781317600787,
488,0.592944089127,0.0709717350939,0.206725809779,0.630493088508,0.566742314834,0.895192902826,0.546110996493,0.627811017124,0.606354446049,0.87848153497,
493,0.981896551724,0.208620689655,0.924784482759,0.617025862069,0.919827586207,
494,0.470931489086,0.677544845472,0.638426626324,0.0280959585044,0.626972120164,0.439377566458,
495,0.591676040495,0.695163104612,0.922103487064,
496,0.849116328146,
499,0.507312813796,0.0648330058939,0.0648330058939,0.289238157608,0.368260205195,0.580440951757,0.517572582406,0.91639380048,0.896747435058,0.978388998035,
500,0.804108108108,0.605837837838,0.968216216216,0.555675675676,0.800648648649,0.383783783784,0.256432432432,0.737513513514,0.522378378378,0.0823783783784,0.0313513513514,0.109621621622,
501,0.626615808434,0.934096206823,0.39245602882,0.480822208095,0.0949353676626,0.972239881331,0.765628311083,0.774952320407,0.0184361093452,0.0184361093452,0.0184361093452,0.0184361093452,0.0184361093452,0.410892138165,0.130536130536,0.772621318076,0.89701207883,0.57596948506,0.373172282263,0.461962280144,0.945539309176,0.0347531256622,0.825386734478,0.498410680229,0.857596948506,
502,0.733934611048,0.674182638106,0.301014656144,0.90710259301,0.490191657272,0.232243517475,
503,0.751568673019,0.606088775273,0.776899837323,
504,0.879059117402,0.00124895920067,0.971065778518,0.0682764363031,0.639258950874,0.95670274771,
505,0.732506203474,0.503225806452,0.787096774194,0.415550041356,0.95947063689,0.825310173697,0.324400330852,
506,0.0573248407643,0.544476169559,0.924665056007,0.855919174171,0.999121458379,
507,0.730926284118,0.264775413712,0.413496668816,0.992907801418,0.789598108747,0.562003008812,0.90629701268,0.911240060176,0.836664517516,0.141843971631,0.972705781216,0.460563077584,0.986030517945,0.667096496884,0.710294433699,0.831506554911,0.645604986031,0.345368579411,0.603051794541,0.466795615732,
508,0.586374695864,0.531224655312,0.57197891322,0.909570154096,0.0081103000811,0.68795620438,0.246350364964,0.887875101379,
509,0.797948717949,0.595282051282,0.00820512820513,0.865641025641,0.286564102564,0.840820512821,0.0923076923077,
510,0.762893815636,0.709218203034,0.640840140023,
511,0.0723669561345,0.671788020485,
512,0.771500457457,
513,0.474820143885,0.968585131894,0.187290167866,0.836930455635,0.515107913669,0.987050359712,
514,0.845644171779,0.623312883436,
515,0.574015938179,0.623037913547,0.511712146824,0.813813088626,0.0743781695243,0.885534894953,
516,0.994752452658,0.56308464522,0.508327629478,0.471366643851,0.924252794889,0.99087383071,0.601870864705,
518,0.992736077482,0.0452784503632,0.973123486683,0.760290556901,0.590314769976,0.392251815981,0.95617433414,0.408716707022,0.0525423728814,
519,0.237091425865,0.0236854571293,0.860255802937,0.408810990052,0.831122690668,0.808384651824,0.561345333965,0.298436759829,0.698247276172,0.0213169114164,
520,0.811597151577,0.0762970498474,0.655747711089,
521,0.879157894737,0.904,0.399578947368,0.617263157895,0.976421052632,0.639368421053,0.338315789474,0.302526315789,0.690105263158,0.978315789474,0.963157894737,0.300842105263,0.739368421053,0.132,0.381894736842,
522,0.625287837555,0.823529411765,0.850952480636,0.696462214779,0.673644546787,0.500523341009,0.487125811179,
523,0.248043347381,0.889424041742,0.516556291391,0.931567328918,0.44591611479,0.0529801324503,0.723660445515,
524,0.950366610265,0.899417183681,0.187817258883,0.783417935702,0.827411167513,0.957322805039,
525,0.985344308372,0.320016061032,
526,0.954822722074,0.406214258483,0.870568051849,0.446435379337,
527,0.762234991084,0.0568654646325,0.899346146225,
528,0.904999004182,
529,0.216102470265,0.857639524245,0.701006404392,0.726258005489,0.542726440988,0.0499542543458,0.768344007319,0.723879231473,
531,0.628923550934,0.644714038128,
532,0.146139119336,0.215486066794,0.675813656669,
533,0.388230029089,0.659879167599,0.00872678451555,
534,0.567164179104,0.0290754022097,0.0569877883311,0.876332622601,0.546423725528,0.14421399496,0.392517929831,0.469858499709,0.937584803256,0.650319829424,0.261484783873,0.844349680171,0.947664276022,0.459391354914,0.557472378368,0.815468113976,0.500290754022,0.792789300252,0.666408218647,0.932932738903,0.836402403567,0.0356658267106,0.0833494863346,0.937003295212,0.101957743749,0.094591975189,0.0207404535763,0.632486916069,0.945144407831,0.026749370033,0.914905989533,0.720682302772,
535,0.236901653612,0.712793733681,0.575282854656,0.593037423847,0.790426457789,0.597040905135,0.792863359443,0.788685813751,0.553350739774,
536,0.596243291592,0.411806797853,0.998568872987,0.872808586762,0.702862254025,0.589982110912,0.77602862254,0.434168157424,0.647227191413,0.71252236136,0.113953488372,
537,0.523730422402,
538,0.798501417578,0.569866342649,
539,0.0558620689655,0.963103448276,0.925689655172,0.830172413793,
540,0.743398781313,
541,0.860179499291,0.193197921587,0.114548889939,0.305148795465,0.433632498819,0.778932451582,0.0592820028342,0.299008030231,0.584789796882,
542,0.707383156469,0.654097990517,
543,0.396753832281,0.863165013526,0.394950405771,0.760144274121,0.883678990081,0.957394048693,0.992560865645,
544,0.878514509096,0.355886332882,0.821229890242,0.737032025259,0.91685460833,0.833107803338,0.793414524132,0.757630431514,0.966621560668,0.723800932191,0.21199819576,0.726958352127,0.676439633138,0.775672831153,0.73748308525,0.791008870846,0.941362201173,0.786347917606,0.931589234702,0.88467899564,0.391369718839,0.841527589836,0.970981807247,0.808900917155,
545,0.299224156008,0.414342629482,0.748165233802,0.105892220591,0.549171734116,0.934577479555,
546,0.490051730999,0.942300039793,0.854954237963,0.877835256665,0.799442896936,0.591723040191,0.675089534421,
547,0.684705063511,0.387332521315,0.984165651644,0.609013398295,0.0501131024883,
548,0.851878612717,
549,0.258481068067,0.189319325892,0.962355001094,
550,0.460755197285,0.643190496394,0.433602036487,0.091641917692,0.740984302079,0.51845566398,
551,0.973342769521,0.522528898325,0.294173154046,0.408822835574,0.662892191555,0.959424392545,0.289219155461,0.569002123142,0.827553668318,0.793819297004,0.73177636235,0.967445152159,0.0599197924039,0.727294173154,0.874026893135,0.836282142015,
552,0.941053947094,0.742761924599,0.299729223079,0.562799416788,0.679650072901,0.415330139554,0.802332847323,0.481774630285,0.290356175797,0.205373880442,0.674859404291,0.789418871069,0.384294938554,0.776713184753,0.868985627994,0.481566340346,0.623203499271,
553,0.104636324968,
554,0.397257590597,0.65582761998,
555,0.312639129359,0.717783823893,
556,0.961071932299,
557,0.912922002328,0.818160651921,
558,0.665771211104,
559,0.743661971831,0.555146262189,0.938244853738,0.942795232936,0.926977248104,0.0225352112676,
560,0.508533916849,0.960393873085,
561,0.348011970928,0.758871312527,
562,0.0890002386065,
563,0.937208315655,0.485787017395,0.811837081035,0.489817564701,
564,0.747470398278,0.987944025834,0.724219590958,0.736490850377,
565,0.00736497545008,0.670008183306,
566,0.64754398827,0.953445747801,0.60318914956,0.0557184750733,0.888013196481,
567,0.806129137988,0.860537528679,0.852343493936,0.690101606031,0.93854473943,
568,0.727764423077,0.756610576923,
569,0.634461936597,
571,0.677277970012,0.863667820069,
573,0.954410997042,0.380720375848,0.153297372542,0.75935270576,0.843048547068,0.647642248129,0.321211066643,
574,0.69465648855,0.740251702084,
575,0.765183917879,
576,0.411977491961,0.17001607717,0.983520900322,0.795819935691,0.851688102894,0.770498392283,0.730305466238,0.549839228296,0.960008038585,0.960008038585,0.0008038585209,0.902934083601,0.581390675241,0.846463022508,0.75040192926,0.751205787781,
578,0.564189189189,0.512548262548,
579,0.869521410579,0.125692695214,0.848362720403,0.928715365239,0.0350125944584,
580,0.710544452102,0.0578911095796,0.386400183781,0.845623707788,
581,0.628436232537,0.819062640829,0.266786840919,0.00856241550248,0.551374493015,
582,0.551934349355,0.690035169988,0.0890973036342,0.413364595545,0.0295427901524,0.562016412661,
583,0.308139534884,0.00348837209302,0.0941860465116,0.0623255813953,0.0172093023256,0.383720930233,
584,0.661424827258,0.671670240648,0.471050750536,0.0316893018823,0.909697402907,
585,0.491255343956,0.2030703459,0.173921492421,0.685775359503,0.646327244462,0.473960357559,0.0930820054411,0.131558492033,0.21667314419,0.302565099106,0.934512242518,0.44597745822,0.479401476875,0.623396813059,0.623396813059,0.908861251457,0.0940536338904,0.350563544501,
586,0.901280788177,0.741674876847,0.327881773399,0.692807881773,0.694581280788,0.92354679803,0.909753694581,0.784039408867,0.419704433498,0.853990147783,0.968866995074,0.453793103448,
587,0.444864649682,0.858678343949,0.561305732484,0.733678343949,0.722332802548,0.609474522293,0.779856687898,0.600517515924,0.0147292993631,0.572253184713,0.00577229299363,0.587579617834,0.613455414013,0.96775477707,0.261544585987,0.615843949045,0.277070063694,
588,0.96657223796,0.758829084042,0.492162417375,0.895939565628,0.171860245515,0.118980169972,0.870254957507,0.946364494806,0.427195467422,0.806798866856,0.151841359773,
590,0.710433244916,0.848585322723,
591,0.540776896482,0.910514541387,0.743339434615,0.370957901159,0.953833638397,0.770388448241,0.790319300386,0.952003254017,0.412853365874,0.558470612162,0.533251982916,0.644091925971,0.944681716494,
592,0.819875776398,0.152173913043,0.105146406389,0.52950310559,
593,0.700714779802,0.501498731842,
595,0.454878311437,0.0376911479647,
596,0.0800767620377,0.686496859735,0.861479413817,0.71458478716,0.646720167481,0.0221563154222,0.724005582694,0.830774598744,0.659630146546,0.199232379623,0.766224703419,0.218946266574,0.949930216329,0.469993021633,0.676552686671,0.273377529658,0.468248429867,0.388520586183,0.408060013957,
597,0.267449306297,0.737033084312,0.358804695838,0.837566702241,0.705442902882,0.451867662753,0.914407684098,0.324439701174,
598,0.767802533858,0.535605067715,
599,0.734897870491,0.0026075619296,0.896349413299,0.903302911777,0.368535419383,0.393524554542,0.284658843981,0.739895697523,0.567362016515,0.654715341156,0.655801825293,
600,0.790715518895,0.811241127949,0.658354114713,0.867063111452,0.454824477268,
601,0.723551057958,0.859015639374,0.973781048758,
603,0.189213893967,0.420932358318,
605,0.46604015378,0.935497650577,0.128791114908,0.456001708672,0.396411789833,0.396411789833,0.835326783426,0.159760785989,0.348141819735,0.0615121742845,0.61298590346,0.904741563434,0.888082016232,0.989107219137,0.0384451089278,
607,0.928298279159,0.646271510516,
608,0.86982777902,
610,0.152530120482,
611,0.442779783394,0.654151624549,0.705776173285,0.970938628159,0.995667870036,0.034476534296,0.674729241877,0.375992779783,
612,0.829137036325,0.545646742264,0.397655198924,0.0169133192389,0.975014414761,0.468575821641,0.989429175476,0.709782817605,0.80665000961,0.903901595234,
614,0.128945601075,0.501007387508,
616,0.959867919736,
617,0.923980222497,0.0315203955501,0.340131850021,
618,0.267629566695,0.272302463891,
619,0.545768566494,0.99719343696,0.418609671848,0.702504317789,0.890759930915,0.747841105354,
622,0.915983606557,0.582422586521,0.603142076503,0.870901639344,
623,0.398196686936,
624,0.709938284741,
625,0.738904363974,0.696193129062,0.0393686165274,0.828226555246,0.933890436397,0.181801299907,
626,0.522613065327,
627,0.211740981403,0.0604974232579,0.168272462469,
628,0.968903724526,0.164089950808,0.408116654954,0.765108924807,0.834855938159,0.988404778637,0.642832044975,0.551475755446,0.568517217147,0.549894588897,
629,0.450452488688,0.656334841629,0.847963800905,0.94185520362,
630,0.0744777475023,
631,0.746562692387,0.492304535194,0.910527395855,0.196798686641,0.342499486969,0.796634516725,
632,0.946605141727,0.589980224127,0.843550867941,0.863985937157,
633,0.17063627084,0.630656685948,0.27985709425,0.717080639673,0.927526369513,0.460360666894,0.701769309289,0.948792106159,0.768458659408,0.770670296019,0.864239537258,0.908642395373,
634,0.923131927065,0.507865570254,0.883625312835,0.0532713621738,0.660707901323,0.21004647837,0.0754379692528,0.702538434036,0.189131212013,0.0266356810869,0.0432606363961,0.606185198427,0.203253485878,0.616017161244,
635,0.652031454784,0.914591524683,0.798820445609,0.444298820446,0.319571865443,
636,0.26504773765,0.717725197177,0.169157326692,
637,0.605159597726,0.5627459554,
638,0.730173410405,0.0686705202312,0.00947976878613,0.81549132948,
639,0.207942555686,0.0879249706917,0.931565064478,0.13174091442,0.0203692848769,0.74531066823,0.803341148886,0.754249706917,0.189478311841,0.166031652989,0.533264947245,0.952373974209,0.674970691676,0.800703399766,0.923798358734,0.580304806565,0.167497069168,0.15592028136,0.0487983587339,0.756447831184,0.709114888628,0.151377491208,0.708821805393,0.695779601407,0.243991793669,0.0586166471278,0.309935521688,
640,0.357324693358,0.315204813701,0.620458227262,0.446655866698,0.280259199259,0.869474658644,0.852811849109,0.909280259199,0.0201342281879,
643,0.959036144578,0.575421686747,0.663373493976,0.787710843373,
644,0.10162601626,0.0219158713326,0.44839165783,0.109225874867,0.240897843761,0.35737009544,0.297278190173,0.489042064334,0.928419936373,0.701131141746,0.999646518204,0.751855779427,0.849416755037,0.539589961117,0.801519971721,0.701838105338,0.17373630258,0.625486037469,0.949452103217,0.0728172499116,
645,0.785859040757,0.507318171583,0.365458230128,0.910155370412,0.925016888088,
646,0.0615418309242,0.520586947,0.817345597898,
647,0.357548240636,0.00976163450624,0.649262202043,0.614528944381,0.910783200908,
648,0.678659217877,0.572960893855,0.44938547486,0.940111731844,0.828603351955,0.977877094972,0.861229050279,0.0842458100559,
649,0.326535396156,0.563291139241,
651,0.480334728033,0.604184100418,0.335355648536,0.962970711297,0.123012552301,0.167782426778,0.537447698745,0.795188284519,0.8410041841,
652,0.0238470191226,
653,0.845638905296,0.784800157511,0.676708013388,0.987792872613,0.93010435125,0.959637723961,0.713526284702,0.710572947431,0.806654853318,0.829493994881,0.0281551486513,0.878913171884,0.560740303209,0.542823390431,0.411892104745,0.601299468399,0.533766489466,0.691671588895,0.63221106517,0.561330970664,0.382161842882,0.127977948415,0.493797991731,0.0559165189998,0.140381964954,
654,0.623683724367,0.506558285609,0.505265102531,0.878810271568,0.889894697949,0.306114908553,0.966377239978,0.970256789211,0.99390356549,0.823942360983,0.568631073342,0.746720857196,0.869573249584,0.445409200074,0.605763901718,0.997967855163,0.426380934787,0.890264178829,
655,0.498141991003,0.711519655779,0.571875611187,0.505378447096,0.888715040094,0.659690983767,0.775083121455,0.593780559358,0.0850772540583,0.725405828281,0.809700762762,0.755329552122,0.0917269704674,0.891844318404,0.221396440446,0.0387248190886,0.725601408175,0.0314883629963,0.921768042245,0.930764717387,0.962057500489,0.948562487776,0.514570702132,
656,0.990289376578,0.834530976889,0.914546513886,0.169741697417,0.932025636046,0.626917848126,0.503981355603,0.616041949893,
657,0.931026835218,0.796628964294,0.742736748725,
658,0.0556514236411,0.424503882657,0.897540983607,0.859577221743,0.952113891286,0.886971527179,0.786238136324,
659,0.662566720817,
660,0.61802777124,0.60861379148,0.694045657802,0.686514473994,0.675453047776,0.250647211108,
661,0.522116402116,0.856931216931,0.890582010582,
662,0.669834565294,0.860084477297,0.74375219993,0.937346004928,0.915698697642,
665,0.911581569116,0.0145881515745,0.894680661804,0.961216865326,0.956591353852,0.40526596691,0.207436399217,0.900551503291,
667,0.525627615063,0.549424686192,0.974372384937,0.183577405858,0.754707112971,0.848064853556,0.877876569038,
670,0.267769245915,0.877338058673,0.410513880685,0.692065367198,
671,0.886891537063,0.855180771561,0.785497879216,0.513027671178,0.5213088265,0.426782468188,0.864471823874,0.954958594223,0.954958594223,0.661078569986,0.661078569986,0.412643910321,0.879014340537,0.844879822258,0.72450010099,0.620884669764,0.581296707736,0.484750555443,0.484750555443,0.574631387598,0.099575843264,0.559684912139,0.395879620279,0.956170470612,0.797212684306,0.518683094324,0.897192486366,
672,0.899858385596,0.780295367186,0.108031559782,0.701193607121,0.493425045519,0.198462472183,0.530649403196,0.514869512442,0.926562816104,0.569896823791,0.760064738013,0.813473599029,0.273922718997,0.431721626543,0.984422415537,0.268055836537,
673,0.789283366206,0.911900065746,0.783366206443,0.460223537147,0.618343195266,0.837606837607,0.5402695595,0.971893491124,0.117521367521,0.828731097962,0.836949375411,
674,0.340998217469,0.915329768271,0.985918003565,0.636363636364,0.742424242424,0.644741532977,0.927629233512,0.361319073084,0.771301247772,0.67201426025,
675,0.491902071563,0.934086629002,0.0467043314501,0.0467043314501,0.0467043314501,
676,0.617935470266,0.579133277098,0.579133277098,0.495097005483,0.553722058203,0.680303669338,0.680303669338,0.493937157318,0.636809363138,0.588201180936,0.564635175032,0.722216364403,0.704080556727,0.564687895403,0.574124841839,0.687789962041,0.485923660903,0.729808097849,0.745571488823,0.717471531,0.728542808941,0.70007380852,0.629639392661,0.573334036272,0.469000421763,0.587673977225,0.549029945171,0.579765921552,0.794179671025,0.639761703922,0.656737663433,0.674029945171,0.476750316322,0.697174188106,0.465520877267,0.577024462252,0.759015183467,0.576866301139,0.504797553775,0.558361450865,0.474905103332,0.614561366512,0.559152256432,0.535744411641,0.56822016027,0.716944327288,0.495729649937,0.547659215521,0.799240826655,0.621625896246,0.603700970055,0.553405735976,0.542334458035,0.50226697596,0.664276676508,0.585828764235,0.456400253058,0.577815267819,0.656210459722,0.691902150991,0.620466048081,0.668125263602,0.699757486293,0.531052298608,0.592735132855,0.513707296499,0.707823703079,0.557992408267,0.739983129481,0.725801349642,0.511651202024,0.530999578237,0.610027414593,0.675400674821,0.531684943062,0.5517186841,0.567376634332,0.709458034585,0.584985238296,0.660111767187,0.660375369043,0.740615773935,0.63918177984,0.728068325601,0.573175875158,0.656790383804,0.714993673555,0.598639814424,0.557886967524,0.122047659216,0.760175031632,0.687315478701,0.699599325179,0.661377056094,0.552562210038,0.435101223113,0.449072121468,0.660797132012,0.730177140447,0.61630113876,0.718315056938,0.578553353016,0.717576971742,0.447964993674,0.6657528469,0.6657528469,0.71610080135,0.639392661324,0.544074230283,0.368937157318,0.648196963307,0.659268241248,0.602224799663,0.616459299873,0.616090257275,0.534900885702,0.197174188106,0.757117250105,0.546499367356,0.692640236187,0.655630535639,0.746994938844,0.577762547448,0.672817376634,0.662695065373,0.682939687895,0.514129059469,0.593736819907,0.529417967102,0.748840151835,0.654470687474,0.763549135386,0.679723745255,0.726064951497,0.470898355124,0.710934204977,0.694801771404,0.75089624631,0.613243357233,0.606020666385,0.698334036272,0.626897933361,0.590151834669,0.712568536482,0.723376212569,0.719685786588,0.48307676086,0.678511176719,0.645982707718,0.642292281738,0.595792914382,0.640025305778,0.659215520877,0.567798397301,0.478964571911,0.638865457613,0.682096161957,
687,0.908236705318,0.731707317073,0.0831667333067,0.998200719712,0.120551779288,0.683926429428,0.815473810476,0.598760495802,0.455617752899,0.200319872051,0.71431427429,0.698720511795,0.0997600959616,
688,0.563126709207,0.856882406563,0.94097538742,
689,0.664572582455,0.980928875926,0.425173883778,0.73995961409,0.384339241642,0.0648418218533,0.744446937402,0.737715952434,
690,0.75935828877,0.236631016043,0.368538324421,0.108288770053,0.829991087344,
691,0.784496124031,0.541528239203,0.704983388704,
692,0.500915080527,
693,0.893848666304,0.753220831065,
694,0.715323787134,0.504594998931,0.935028852319,0.941226757854,0.616157298568,0.551827313529,0.0688181235307,0.921136995084,
695,0.565305206463,0.727333931777,0.981373429084,0.0590215439856,0.430879712747,0.19052962298,0.181552962298,0.392280071813,0.866023339318,
696,0.509470100021,0.156416258778,0.767822941051,
697,0.569909151341,0.688233990694,0.10635940616,0.888765787724,0.837137159318,0.891424772878,0.35142920452,
698,0.387353433836,0.354899497487,0.509422110553,0.625837520938,0.735552763819,0.479899497487,
699,0.625625,0.51125,0.763333333333,0.763333333333,
702,0.903081003877,0.792287288309,
703,0.750991626267,0.242617893345,0.936095196122,0.636624063464,0.0795504627589,0.87439400617,0.0877038342882,
704,0.664992826399,
705,0.0926764816912,0.941298603247,0.719894299736,
706,0.189893100097,0.701360544218,0.119825072886,0.159669582119,0.456462585034,
707,0.0469093574395,
710,0.974967630557,0.419076391886,
711,0.299925018745,0.428142964259,0.387903024244,0.477380654836,0.470132466883,
713,0.848515248796,0.589085072231,0.246990369181,
715,0.645175064048,0.459649871904,0.99146029035,0.963919726729,0.919726729291,0.9451323655,0.80828351836,0.0380017079419,
716,0.78180713128,0.472649918963,0.714951377634,0.854132901135,0.0613857374392,0.269246353323,
717,0.639609169485,0.880496054115,0.0646373543781,0.49530251785,0.95509207065,
718,0.491419081011,0.531278833733,0.601956080458,
719,0.520631786772,0.823692003949,0.737611056269,0.395459032577,0.982428430405,0.159723593287,0.729318854886,0.869891411649,0.71391905232,0.871076011846,0.97374136229,
720,0.810035842294,0.520566649599,0.931558286397,0.7380098993,0.695340501792,0.914661204984,0.691756272401,0.415770609319,0.248335893497,0.431131592422,0.817374978665,0.905615292712,0.691414917221,0.821300563236,0.820276497696,0.133981908175,0.956818569722,0.877965523127,0.513227513228,
721,0.877752623997,0.68244494752,0.664128421486,0.665774850792,0.234821979831,0.789462852439,0.655896274954,
722,0.542763157895,0.790247678019,0.595781733746,0.277089783282,0.805534055728,0.749806501548,0.529411764706,
723,0.550456893127,0.584425903854,0.812077870481,0.974572904251,0.440603893524,0.504767580453,0.969805323798,0.987286452126,0.766587206992,0.564958283671,
724,0.169048682448,
725,0.700502073783,0.637415411482,
726,0.417826672654,
727,0.695580629995,
728,0.23236108848,0.810819618706,0.667427081636,0.219814241486,0.555971973277,0.862799413394,0.0581717451524,0.133615773179,0.692683721688,0.190809841942,0.756232686981,0.665634674923,0.657324425615,0.802020531204,
729,0.034151193634,0.568468169761,0.963859416446,0.369529177719,0.618037135279,0.580404509284,0.616047745358,0.936671087533,0.098474801061,0.818965517241,0.942141909814,0.203912466844,0.185676392573,0.0295092838196,0.142904509284,0.0933355437666,
730,0.28284419933,0.896789442584,0.482962379358,0.529052590112,0.591294071302,0.130785897183,0.113846759898,0.728579870002,0.999212133149,
732,0.834002361275,
753,0.249527920151,0.900728351767,
754,0.323161011159,0.0300614894102,0.364153951264,0.394215440674,0.668184923708,0.910043270326,0.663402414029,
756,0.0680072300045,
757,0.387345679012,0.528439153439,
758,0.1908065915,0.9236773634,0.464180398959,0.65342584562,0.993581960104,0.641630529055,0.990459670425,0.692801387684,0.945359930616,0.984562012142,
759,0.851205320033,0.592061512884,0.733790523691,0.658354114713,0.927057356608,0.958229426434,0.703449709061,0.966541978387,
760,0.407217643128,0.718422811317,0.603252394743,
761,0.813522012579,0.813522012579,0.447169811321,0.585534591195,0.60393081761,0.55393081761,0.856761006289,
763,0.41134751773,0.614361702128,0.323404255319,0.462588652482,0.868262411348,0.656205673759,
797,0.240955473098,0.375231910946,0.617115027829,0.0830241187384,0.132884972171,
802,0.529880478088,0.493075317777,0.840258015557,0.422690191614,
803,0.595269968764,0.0211958946899,0.278670236502,
804,1.0,0.853016142736,0.986830926083,0.307774001699,0.644647408666,
805,0.652544177134,0.929742388759,
806,0.770020964361,0.913836477987,0.524109014675,0.390985324948,0.527463312369,0.923899371069,0.997274633124,
807,0.652364273205,
809,0.343893591294,0.163724304716,
811,0.713903092281,0.798392987582,0.192354516679,0.36303871439,0.18383248113,0.45337229121,0.494521548576,0.517896274653,0.63744825907,0.278792305819,0.588020452885,
812,0.806747762222,
813,0.911066308244,0.0257616487455,0.500672043011,
815,0.00368098159509,0.314417177914,0.0342024539877,0.685736196319,0.0588957055215,0.711349693252,0.903987730061,0.929601226994,0.600766871166,0.773466257669,0.589417177914,0.769018404908,0.739263803681,0.724233128834,0.976533742331,
816,0.422145988184,
817,0.74612339162,0.74612339162,0.275981524249,0.927746618278,0.983833718245,0.888155724183,0.527878587925,0.428571428571,0.469811943253,
819,0.946885813149,0.581660899654,0.960553633218,0.224221453287,0.745155709343,0.612283737024,0.937197231834,0.328719723183,0.359861591696,0.889273356401,0.321972318339,0.346020761246,
820,0.790900981267,0.847279214987,0.0342551293488,0.898305084746,0.938626226583,0.841213202498,0.390008920607,0.630151650312,0.671900089206,0.543086529884,
821,0.429329371817,0.241935483871,0.667444821732,0.10123089983,0.251061120543,0.955220713073,0.584252971138,0.380093378608,0.871392190153,
822,0.80241067585,0.756564786913,0.665088247955,0.403357727077,0.876668101593,0.60934136892,
823,0.417511147142,0.742399675719,0.55472233482,0.62363194163,0.802391568707,0.630320226996,0.732873935955,0.099513579246,0.848196189704,0.299959464937,0.785569517633,0.63194162951,
824,0.810781318202,0.45875163684,0.45875163684,0.587734613706,0.587079877783,0.112832824094,0.90593627237,0.00392841553907,0.480576167612,0.829113924051,0.229157573112,0.652335224793,0.838061981667,0.739196857268,0.157573112178,
825,0.107008466604,0.955315145814,
826,0.880268199234,0.674904214559,0.763793103448,
827,0.722935387249,0.443303380402,0.783483097989,0.579161317929,0.661531878477,0.508130081301,
828,0.858468255412,0.246316172458,0.85555757686,0.78333636529,0.353283609241,0.881571766418,0.522284882663,0.19847189376,0.365290158268,0.621429870839,0.233036201564,0.245224668001,0.45497544115,0.740949608878,
829,0.953492613533,0.793908444282,0.719131862119,0.0964800291811,0.842057267919,0.805033740653,0.789348896589,0.217216852088,0.991975196061,0.663870144082,0.618457049061,0.702717490425,0.871238373153,0.890753237279,
830,0.923144104803,0.93231441048,0.505895196507,0.649344978166,0.0762008733624,0.525545851528,0.999126637555,0.738864628821,0.528384279476,0.293449781659,0.293449781659,0.755676855895,0.793668122271,0.942139737991,0.0181222707424,0.0163755458515,0.640174672489,0.60327510917,0.424672489083,0.781659388646,0.788427947598,
832,0.561743341404,
833,0.55010814708,
835,0.991920771436,
837,0.940711462451,0.92113683418,0.609448522492,0.507246376812,0.537549407115,0.458309806136,0.942405420666,0.962921136834,0.378505552419,0.524750611707,0.890457368718,0.638057594579,0.542819499341,0.860342555995,0.99604743083,0.475249388293,
839,0.472940365391,0.75594622544,
842,0.159311087191,
843,0.344975358903,
846,0.875388716126,0.247223456242,0.30319857841,
847,0.967699115044,
