6,0.618215514959,
64,0.0258992805755,
138,0.474021084337,0.974397590361,0.931852409639,
154,0.518587360595,0.630111524164,0.827550598926,0.274266831888,0.854192482445,0.792854192482,0.0192069392813,0.525196199917,
155,0.848713712532,0.591928251121,0.20509794666,0.637479348596,0.8182676422,0.891904649516,
156,0.169203450025,
157,0.684764657308,0.955821635012,
158,0.38491717524,0.811900610288,0.118134263296,0.171098517873,0.900610287707,0.793809938971,0.622057541412,0.670226678291,
159,0.862098685628,0.0864037922861,0.922861452273,0.243697478992,0.564102564103,0.975867269985,0.260504201681,
187,0.722119389172,0.0175844516428,0.0333179083758,0.458121240167,
189,0.0130255941499,
196,0.080035180299,
197,0.433861386139,0.94099009901,0.351683168317,0.429306930693,0.941782178218,0.42,0.92099009901,0.667524752475,0.591485148515,0.655247524752,0.686336633663,0.680396039604,
198,0.6989974353,0.704826299837,0.537887619492,0.679878759618,
199,0.812391142075,0.770340880816,
201,0.92521308771,0.715149848776,0.807533681606,0.432774264504,0.311795435799,
202,0.200047180939,0.14036329323,
203,0.878493604927,0.0720037896731,0.818095689247,
204,0.773094829699,0.839010046557,
205,0.505393258427,0.873483146067,0.679101123596,0.867640449438,0.182921348315,0.712359550562,0.140449438202,0.770561797753,0.331685393258,0.438202247191,
206,0.508607198748,0.676279901632,0.405767940979,0.570757880617,0.0259333780461,0.368432819137,0.438631790744,0.807064609882,
219,0.744746895893,
226,0.34254273004,0.779911027862,0.787403418403,
227,0.613301088271,0.723095525998,
229,0.462224424077,
230,0.277528330126,0.394697455634,0.404746632457,0.147958092795,0.0470387000214,0.459054949754,0.412871498824,0.343596322429,0.975839213171,0.421423989737,0.676288218944,0.807568954458,0.332264271969,0.684626897584,0.730596536241,0.970921530896,0.97883258499,0.421851614283,0.986743639085,0.459268762027,0.978618772718,0.606799230276,0.855249091298,0.929441949968,0.903570664956,0.200769724182,0.518280949326,0.395338892452,0.462689758392,0.589480436177,0.48300192431,0.824246311738,0.261064785119,0.175967500535,0.175967500535,0.143895659611,0.402608509728,0.189010049177,0.65704511439,0.904212101775,0.859525336754,0.656831302117,0.989095574086,0.89630104768,0.651699807569,0.930938635878,
231,0.995649336524,0.286273656733,0.354796606482,0.9908636067,0.550141396563,0.038720904938,0.488361975201,0.690015227322,0.733086795736,0.754622579943,0.780944093974,
232,0.932014833127,0.777915121549,0.715492377421,0.670374948496,0.637618459003,0.77564894932,0.771734651834,0.630819942316,0.0294602389782,0.973836011537,
233,0.436582109479,
234,0.630813312762,0.0277716552788,0.968701785321,0.975093674234,0.774520608331,0.0954375137756,0.966497685695,0.634339872162,
235,0.988628287136,0.984126984127,0.547500592277,0.970859985785,0.405117270789,
236,0.881388828984,0.0215656674574,0.479404787578,0.701962475739,
237,0.895346296701,0.608914135897,0.933362464496,0.355036049814,0.925278566747,0.903211710728,0.750054620931,0.0316801398296,0.241424513874,0.131745684946,0.852305003277,0.15927463404,0.776928118855,
239,0.829372029022,0.454590943207,
240,0.797245355541,
241,0.116645807259,0.028535669587,
242,0.610652997548,
243,0.829773462783,0.71736785329,0.550377562028,0.27594390507,0.9309600863,0.00776699029126,0.524919093851,0.952535059331,0.327723840345,0.707011866235,0.707227615965,0.905285868393,0.585113268608,0.596763754045,0.615102481122,0.244875943905,0.82092772384,
244,0.325962910128,0.612220637185,0.7929148835,0.696148359486,
245,0.253540121376,0.823555855248,0.915711395819,0.395819285233,0.378961564396,0.750056192403,0.978646886941,0.0568667116206,0.854349291976,0.916835243875,0.967408406383,0.509552708474,0.579006518319,0.817262306136,0.39536974601,
246,0.012879708384,0.738274605103,0.12247873633,
247,0.191224133633,0.555971079531,0.0204437796061,0.0201944652206,0.486661680379,
248,0.0558562459407,0.776142022083,0.783069928556,0.557263476943,0.956267590388,0.862091361767,0.668759471747,0.709677419355,
249,0.0584415584416,0.62685528757,0.53594619666,0.563543599258,0.731910946197,0.268089053803,0.011827458256,0.437384044527,0.652365491651,0.320269016698,
250,0.557245796637,0.406325060048,0.775020016013,0.133706965572,0.617493995196,0.311449159327,0.821657325861,0.834067253803,0.0414331465172,0.757005604484,0.989991993595,0.858086469175,0.480784627702,0.279223378703,0.966373098479,0.985588470777,0.724779823859,0.724579663731,0.330464371497,
251,0.0862653666808,0.0211954217889,0.452734209411,0.549597286986,0.61742263671,0.612547689699,
253,0.573600202686,0.750950088675,
254,0.859810929214,0.925985704404,
256,0.080259222333,0.965852442672,0.955383848455,0.196161515454,0.766949152542,0.814307078764,
257,0.797156398104,0.614218009479,0.580805687204,
258,0.66455078125,0.66455078125,
259,0.963343108504,0.188905180841,0.188905180841,0.145650048876,0.215053763441,0.293255131965,0.622922776149,
260,0.961281996128,0.462465046247,0.722305872231,
261,0.804391664799,0.677571140488,
262,0.753217259652,0.671461014383,0.593679031037,0.313209689629,
263,0.0720368239356,0.553509781358,0.638895281933,0.408285385501,0.857767548907,0.339700805524,0.997238204833,
264,0.0669962917182,
265,0.210342979636,0.263933547696,
266,0.734483484115,0.487271197139,
267,0.682498930252,0.916131792897,0.50919982884,0.935387248609,0.221437740693,0.25459991442,0.705819426615,0.857509627728,
268,0.51476083707,0.524476831091,0.837817638266,0.495328849028,0.823243647235,0.911061285501,0.783632286996,0.583333333333,0.523542600897,0.938714499253,
269,0.405841842793,0.00664925195915,0.229874139159,0.877938731893,0.538589408692,
271,0.556479859895,0.827714535902,
272,0.0168400198118,0.390044576523,
273,0.852532592434,0.907886300492,0.215858089335,0.349219918786,0.784569352426,
274,0.972838482272,0.961642131453,0.309765705992,0.618080033174,0.142442463197,0.303545511093,0.682355380469,0.3360978644,0.3360978644,0.0580551523948,0.0580551523948,0.921210864607,0.591955214597,0.591955214597,0.479784366577,0.479784366577,0.938212730666,0.942152187435,0.918722786647,0.904623678209,0.873108024051,
275,0.932934131737,0.133652694611,0.724790419162,0.0268263473054,0.782754491018,0.770778443114,0.53245508982,0.68,0.841437125749,0.733892215569,0.499401197605,0.704670658683,0.376766467066,0.239520958084,0.674730538922,0.232574850299,0.990419161677,0.0119760479042,
276,0.0690459528808,0.0345229764404,0.615348728715,
277,0.45287203371,0.781991572411,0.749168330007,0.902417387447,0.606786427146,0.549567531603,0.276557995121,
278,0.342328278323,0.663916146298,0.748884924175,0.67774308653,0.984165923283,0.975914362177,
279,0.91351143571,0.215260426677,0.355756294446,0.46108014607,0.735152796464,0.874495483375,0.926196425139,0.141456851816,0.986354026523,0.530078800692,0.830482413992,0.923697866615,0.15241206996,
280,0.524219590958,0.956727664155,0.364047362756,0.255543595264,0.116899892357,0.144886975242,
281,0.799868622728,0.529669367199,0.814101160499,0.749726297351,0.0236479089118,0.84825925115,0.0884606962995,0.107510400701,
282,0.533333333333,0.346355685131,0.951020408163,0.539164237123,0.704956268222,0.483576287658,0.712147716229,0.110787172012,0.894655004859,0.682021379981,0.443537414966,0.943634596696,
283,0.585233003833,0.0786766189227,0.751462578172,0.412144442203,0.448053258019,0.511801492838,0.785959249546,0.863828928788,0.638087552955,0.477506556385,0.850110954206,0.386322372403,0.935041355659,0.930804922332,0.302198910631,0.281621948759,0.281621948759,0.281621948759,0.281621948759,0.862416784345,0.793019971757,0.895904781118,
284,0.976554931215,0.932377446231,0.799844991281,0.297229219144,0.287347413292,0.658012013176,0.240263514823,0.692501453207,0.195117225344,0.766518116644,0.835109474908,0.764968029452,
285,0.637521222411,0.613327674024,0.599108658744,0.992572156197,0.803056027165,0.58234295416,0.58234295416,0.45564516129,0.260398981324,0.865874363328,0.429966044143,0.00382003395586,0.223259762309,
286,0.331727111337,0.00786203398428,0.188688815623,0.680953588638,0.873193000254,0.216586355567,0.455490743089,0.520669540959,0.0687293938625,
287,0.0748624730926,0.694092322411,0.0375508251614,0.76632384597,0.874910308539,0.0908873475245,0.79598182253,
288,0.77245508982,0.857899585444,0.622754491018,
289,0.470548862115,0.138331102187,0.0528781793842,0.145247657296,0.0292280232039,0.726238286479,0.713520749665,0.764390896921,0.0582329317269,0.390450691656,0.940205265506,0.0919232485498,0.757474341812,0.71709058456,
290,0.429702970297,0.840704070407,0.729152915292,0.771617161716,0.821782178218,0.65104510451,0.499449944994,0.953795379538,
291,0.977618243243,0.980363175676,0.956503378378,0.647804054054,0.00865709459459,0.666807432432,0.47339527027,0.758234797297,0.260768581081,0.611486486486,0.814611486486,0.893369932432,0.643158783784,0.412373310811,
292,0.57440690151,
293,0.741724738676,0.751306620209,0.905270034843,0.836672473868,0.994773519164,0.845818815331,0.595165505226,0.780923344948,
294,0.698648913256,0.915801840611,0.754846289407,0.894066966908,0.948110436656,0.634031721167,0.47288036029,0.264147248874,0.683179949089,0.958096729978,0.901703544155,0.949872723713,0.844331309967,0.814372429998,0.538672410417,0.550225181124,0.999020951635,0.621891521441,0.79361660466,0.873898570589,0.842373213237,0.92226355982,0.288623457999,0.694145290777,
295,0.388656341566,0.347007115948,0.726245290917,0.775429049812,0.0265801590624,0.829007953118,0.5140226036,0.813938886563,0.45186270406,
296,0.741950428538,0.226082927959,0.0919620106555,0.168635626593,0.732916377114,0.941162844568,
297,0.616865453024,0.590081607031,0.988072818581,0.716886377903,0.522284996861,0.943084327265,0.513705796192,0.479388993513,0.999581502406,0.429797028667,0.603682778824,0.676501360117,0.860431052521,
298,0.248837209302,0.848837209302,0.53023255814,0.986046511628,0.677441860465,0.14023255814,
299,0.807390300231,0.7896073903,0.927713625866,0.596766743649,0.375288683603,
300,0.646962233169,0.835561810931,0.97466572836,0.500821018062,0.739150832747,0.903589021816,0.603330987567,0.0635702556885,0.920713112831,0.384471029791,0.689655172414,0.140745953554,0.859488623035,0.0464461646728,
301,0.994361750113,0.488272440235,0.485340550293,0.0182679296346,
302,0.654375124576,0.681881602551,0.842535379709,0.577835359777,0.92585210285,0.992226430138,0.142714769783,0.553717360973,0.69184771776,0.211680287024,0.535579031294,0.905919872434,0.942794498704,
303,0.895333205301,0.667370846937,0.235644324947,0.19473785289,0.792778951412,0.0293835221817,0.799308623007,0.828500096025,0.927789514116,0.890531976186,0.828115997695,0.778375264068,0.618206260803,0.790666410601,0.943153447283,0.863837142308,0.912809679278,0.8676781256,0.316689072403,0.498175532936,
304,0.89383367905,0.757307184612,0.929473882708,0.566660380916,0.447293984537,0.313596077692,0.898547991703,0.399019422968,0.643032245899,0.976239864228,0.893645106543,0.126532151612,0.867433528192,0.629643597963,0.877616443523,0.905148029417,0.643409390911,0.804450311145,0.291721666981,0.896662266642,0.999434282482,0.513482934188,
305,0.802046356233,0.432866986845,0.766130716225,0.668615577365,0.83315932345,0.883691793694,0.0169137607016,0.461265399875,
306,0.517853029256,0.460032250633,
308,0.113921001927,0.695327552987,0.233863198459,0.657755298651,0.901011560694,0.657514450867,0.780828516378,0.497832369942,
310,0.798231511254,0.768890675241,0.296020900322,0.298231511254,
311,0.147291800471,0.418111753372,0.914151145365,0.89167201884,0.950545921644,0.911796189253,0.522800256904,0.932562620424,0.0122029543995,0.280882038107,0.923785056733,0.0672232926568,
312,0.676944003627,0.832917705736,0.720471548402,0.837905236908,0.331217411018,0.384720018136,0.723418725912,0.938789390161,0.000226705962367,0.854908184085,0.896848787123,0.760145091816,
313,0.456228956229,0.377104377104,
314,0.558518845052,0.747851002865,0.0211593564029,0.754904121666,0.454044522812,
315,0.532514779445,0.916098226467,
316,0.703206239168,0.47205372617,0.516464471404,0.847920277296,0.850953206239,0.993284228769,0.615467937608,0.592287694974,0.917461005199,0.805025996534,0.800693240901,0.438258232236,
317,0.0935852372583,0.3769771529,0.809753954306,0.509885764499,0.405755711775,0.416739894552,
318,0.0268263473054,0.621556886228,0.363113772455,0.951377245509,0.62994011976,0.400718562874,0.46371257485,0.255808383234,
319,0.398903358465,0.330591729495,0.866803746859,
320,0.494341234252,0.642750373692,0.9666880205,0.0232756779842,0.0783685671578,0.798633354687,0.65598975016,
322,0.810225618632,0.905931586608,0.328966521106,0.599526928675,0.73635371179,0.949053857351,0.532387190684,0.327328966521,0.805131004367,0.782569141194,0.569323144105,0.659206695779,0.562954876274,0.469796215429,0.887372634643,
323,0.988786444057,0.974084226265,0.966608522303,0.966608522303,0.813854971343,
325,0.617370892019,0.617370892019,0.617370892019,0.617370892019,0.617370892019,0.054532322138,
327,0.382018601447,
328,0.975086138351,
329,0.680370722433,0.713640684411,0.546815589354,
330,0.873062015504,0.450581395349,0.931201550388,0.451792635659,
333,0.307094769549,
334,0.790911126035,
335,0.571750902527,0.0636281588448,0.69833032491,
336,0.8967126193,0.829904559915,0.906468716861,0.54019088017,0.400212089077,0.211876988335,0.875715800636,0.820572640509,
337,0.539730785931,0.325662179766,0.762049500651,0.667390360399,0.933130699088,0.752930959618,0.142640034737,0.790056448111,0.561224489796,0.419018671298,0.632653061224,
338,0.596572181938,0.176884201274,0.772357723577,0.537684025489,0.510876730389,0.623379477038,0.947484069435,0.809272687321,0.901999560536,0.0166996264557,0.277521423863,0.96945726214,0.921775433971,0.988573939793,0.346736980883,0.819600087893,
339,0.773399014778,0.849753694581,0.74025974026,0.795342588446,0.63210927004,0.729287953426,0.336990595611,0.591804746977,0.977384684281,0.923197492163,0.887819077474,0.93842364532,
340,0.918862690707,
341,0.932662051605,0.397524648626,0.411789385358,0.913362701909,0.0052443885043,0.730018879799,0.47514159849,0.701489406335,0.782043213761,0.500943989931,0.990979651773,0.93874554227,0.037759597231,0.495280050346,0.905181455842,0.868680511852,0.816026851269,
342,0.769909552173,0.708581513347,
343,0.650577124869,0.764113326338,0.853725078699,0.737670514166,0.51647429171,0.703462749213,0.343966421826,0.099685204617,0.920041972718,0.258551941238,0.657712486884,0.810073452256,0.773557187828,
344,0.961832061069,0.765982824427,0.863311068702,0.369751908397,0.50429389313,
345,0.0628694250403,0.13917248791,0.927995701236,
346,0.73300744879,0.0414338919926,0.563081936685,0.339618249534,0.524208566108,
347,0.00844277673546,0.178705440901,0.91299249531,0.612570356473,
348,0.470603337612,
349,0.696105072464,0.915987318841,0.890625,0.882925724638,0.544157608696,
351,0.505691879585,0.44396660764,
352,0.0339727293737,0.892997457823,
353,0.784507993695,0.848907903625,0.687007430759,0.888313442918,0.95406439991,
354,0.612931603255,
355,0.855971896956,0.976346604215,0.763231850117,0.577283372365,
356,0.213647813144,0.971605220975,0.400045798031,0.562399816808,0.666361346462,0.684680558736,0.37394092054,0.954201969315,0.209068010076,0.4247767346,0.45752232654,0.868559651935,
357,0.693376068376,0.748290598291,0.798504273504,0.358760683761,0.826923076923,0.543162393162,
358,0.0201037613489,0.0259403372244,0.393860786857,
359,0.699130778348,0.0883050177795,0.794350059265,0.806598182537,0.987949427104,0.676017384433,0.807388384038,0.645199525879,0.558277360727,0.930462267878,0.819834057685,0.653496641644,0.239233504544,0.0847491110233,0.4711576452,0.463255630186,0.186882655077,0.446661398657,
360,0.278852720237,0.784885044389,0.791941725472,0.795583883451,0.303209651719,0.908718415661,0.559071249715,0.825631686774,
361,0.235714285714,0.526890756303,0.793697478992,0.660084033613,0.789285714286,0.864495798319,0.382983193277,0.531302521008,0.0285714285714,0.417226890756,0.971218487395,0.528781512605,0.718697478992,0.773529411765,0.940336134454,0.802100840336,0.00126050420168,0.342857142857,0.70987394958,0.645378151261,0.880462184874,
362,0.439330543933,0.282426778243,
363,0.757742601514,0.1972929571,0.523055746731,
364,0.43014617781,0.935537982267,0.795830337886,0.78888090103,0.090821950635,0.531512101606,0.553798226695,0.999760364246,
365,0.907216494845,0.849436585951,0.868376888036,0.349316710621,0.0489091345001,0.741069287941,
366,0.804117760246,0.740234750818,0.181643255724,0.408312487974,0.833750240523,0.613430825476,0.702520685011,0.345391572061,0.88570329036,0.17702520685,0.75216471041,0.339041754859,0.381758706946,0.750240523379,0.382913219165,0.0858187415817,0.551856840485,
367,0.809867087182,
368,0.509357384442,0.634949267193,0.452085682074,0.839458850056,0.104171364149,0.533032694476,0.622773393461,0.371364148816,0.147688838782,0.938444193912,0.149718151071,0.515896279594,
369,0.9375,0.0181737588652,0.612588652482,0.678413120567,
370,0.920811518325,0.494982547993,0.618237347295,
371,0.994887927645,0.928234368856,0.532638615808,0.839362957137,0.23220605584,0.604797483287,0.729650019662,0.620920173024,0.727487219819,0.993904836807,0.675186787259,0.10538733779,0.548957923712,
372,0.719286941581,
373,0.81774264383,0.192577953448,0.741765480896,0.199824330259,0.975406236276,0.375494071146,
376,0.927229020979,0.958916083916,0.0679632867133,0.00590034965035,0.914554195804,
377,0.819043515726,0.818612666954,0.839724256786,0.85200344679,0.951960361913,0.0314519603619,
378,0.195864828813,0.961093819475,0.00244553134727,0.640506891952,0.764117385505,
379,0.746993633577,0.503890591842,
380,0.809165232358,0.933734939759,0.792814113597,0.332831325301,0.948149741824,0.759251290878,0.82078313253,0.797117039587,0.340791738382,0.202022375215,0.519578313253,
381,0.0354683914041,0.689547256416,0.982474441894,0.483621948675,0.544961402045,0.763404965575,0.953682453578,0.406426037972,
382,0.57316280078,0.675699111207,0.584435291567,0.949490570128,0.913722089746,0.0351181443746,0.0453067418166,0.995014090613,0.051159765879,0.5562540646,0.811836115326,
383,0.820996229411,0.602698948204,0.607263345902,0.0698551299861,0.409803532447,0.731494344116,0.919825362175,0.159555467355,0.178408414368,0.0138916451677,0.635046636237,0.399285572534,0.846794999008,0.352450883112,
384,0.569474134245,0.768490808038,0.315305686191,0.159897392048,0.573108165883,0.54147071398,
386,0.768295331162,0.698805646037,0.621498371336,
387,0.0170529077394,0.0732400524705,0.637735024049,0.0564057717534,0.923699169217,0.42675994753,0.517708788806,0.965675557499,0.981416703105,0.0150852645387,
388,0.432766900628,0.91688215737,0.92353158478,0.741780568895,0.992796453639,0.5424824529,0.437384558552,0.995936461027,0.955855190248,0.0611377909124,0.909863317325,0.377539711858,0.985962319911,0.304950129294,0.522349464352,0.82342076099,0.959734022904,0.678611008496,0.845770225342,0.778906538604,0.631510897673,
389,0.0158233670653,0.933762649494,0.557313707452,0.56872125115,0.448022079117,0.995216191352,
390,0.973930348259,0.93631840796,0.717014925373,0.733532338308,0.843184079602,0.718009950249,0.867860696517,0.703084577114,0.769950248756,0.892338308458,0.405771144279,
391,0.964384142463,
392,0.807598039216,0.860702614379,0.809027777778,0.794526143791,
393,0.233889751553,0.875,0.729813664596,0.756211180124,0.58850931677,0.630434782609,0.780667701863,0.304541925466,0.473214285714,0.554930124224,0.681288819876,0.805706521739,0.409549689441,0.699922360248,0.979037267081,0.327639751553,0.835986024845,0.91498447205,0.876940993789,0.863354037267,0.960986024845,0.890722049689,0.473796583851,0.845885093168,0.749223602484,0.690605590062,0.697010869565,0.992236024845,0.558423913043,
394,0.63731825525,0.782108239095,0.642164781906,0.282714054927,0.626817447496,0.060379644588,0.684571890145,0.453756058158,0.908925686591,0.997374798061,0.573909531502,0.858239095315,0.636914378029,0.792407108239,0.802100161551,0.352584814216,
395,0.540114613181,0.682767089644,0.368604175194,0.523945968072,0.0892345476873,0.448628735162,0.0216946377405,0.756651657798,0.616045845272,0.954359394187,0.849160867786,0.596193205076,0.92795742939,0.728407695456,0.721858370856,0.949447400737,0.604993860008,0.907695456406,0.965820712239,0.99406467458,0.854686860418,0.722677036431,0.892550143266,0.89111747851,0.89111747851,0.731068358576,0.452517396643,0.57961522718,0.82664756447,0.867171510438,
396,0.422110552764,0.000209380234506,0.271775544389,0.636097152429,0.5952680067,0.823492462312,0.842546063652,
397,0.657956735918,0.686014135789,0.788819875776,0.948597130006,0.361533518955,0.72178196616,
398,0.402646129542,0.686808846761,0.56477093207,0.992496050553,0.333530805687,0.607227488152,0.924763033175,0.816943127962,0.905015797788,0.68522906793,0.345971563981,0.313981042654,0.888428120063,0.506319115324,0.551737756714,0.994075829384,0.948657187994,0.663309636651,0.726105845182,
399,0.93268209811,0.662136334678,0.643448715226,0.585686982374,0.440220853684,
400,0.898122758912,0.949377768403,0.484707867538,0.762497363425,0.649230120228,0.918160725585,
401,0.295732361141,0.606047608836,0.827149903496,0.892558438773,0.840017156337,
402,0.865699147662,0.928818244644,
403,0.436984417965,0.0167277726856,0.044683776352,0.250916590284,0.348304307974,0.280247479377,0.490604949588,0.88061411549,
404,0.548167092924,0.893222506394,0.773444160273,0.444160272805,0.968030690537,0.255967604433,0.613171355499,0.0509377664109,0.786231884058,0.684569479966,0.748508098892,0.942668371697,
405,0.859110586383,0.699527744982,0.393742621015,0.812672176309,0.857536402991,0.964777646596,0.62062180244,0.577725304998,0.957497048406,0.745375836285,0.801259346714,0.694805194805,0.602715466352,0.134002361275,
406,0.830185079183,0.971188704446,0.869108948674,0.60293837054,0.966991032246,0.984735737455,0.217324937989,0.234878839916,0.846975767983,0.724861667621,0.74585002862,0.889906506392,0.677733257012,0.575271894677,0.542835336768,0.87922152261,0.599885518031,0.46117153215,0.585193665331,0.18908605228,0.414806334669,0.479679450487,0.112192329708,0.955161228773,0.698721618012,0.688418240794,0.652928830376,0.638427780958,0.916618965846,0.24995229918,0.639381797367,0.685365388285,
407,0.422800092872,0.888089157186,0.783375899698,
408,0.433114833697,0.0254916241806,0.928137897548,0.953386744355,0.293517844137,0.409808205875,0.31148336975,0.795338674436,0.743141539209,
409,0.506294058409,0.88192346425,0.46475327291,0.501762336354,0.477341389728,
411,0.0385894876913,0.610778443114,0.644045242848,0.935684187181,0.688400975826,0.849190507873,0.893989798181,0.00133067198935,0.966289642936,0.97005988024,0.961854069639,0.645375914837,0.988467509426,0.503215790641,
412,0.661774516344,0.572826328664,0.765399154992,0.452079163887,0.119635312431,0.421836780076,0.872581721147,0.851456526573,0.597064709807,0.855459195019,0.808983766956,
413,0.988914549654,0.381755196305,0.911547344111,0.38752886836,0.641339491917,
414,0.859102534294,0.86398511974,0.611253196931,0.736805394094,0.885142990002,0.990002325041,0.60148802604,0.651941408975,
415,0.301541623844,0.0795477903392,0.735046248715,0.958890030832,0.711819116136,0.832682425488,0.71161356629,0.745529290853,0.467625899281,0.64049331963,0.669475847893,0.722302158273,0.940390544707,0.907297019527,0.668242548818,0.766289825283,
416,0.704731182796,0.920215053763,0.349247311828,0.803010752688,
417,0.599248452697,0.912024756852,0.731874447392,0.483421750663,0.322060123784,0.402740937224,0.7283377542,0.940760389036,
418,0.817317845829,0.900527983105,0.894825765576,0.0432946145723,0.912354804646,0.789862724393,0.678775079197,0.736642027455,0.76747624076,0.548257655755,0.726293558606,0.896726504752,
419,0.549407921601,0.914046549612,0.64659044508,0.883625969784,0.940383830135,0.156186198448,0.739689669253,0.733156390363,0.949775418538,0.976316864026,0.635769701919,0.149448754594,0.819109840751,
420,0.555530825729,0.779212107723,0.778099265524,0.778321833964,0.926552414868,
421,0.913072928426,0.757958907203,0.879205238203,0.876044253782,
422,0.828617437313,0.165631469979,
423,0.621760548297,0.437352752195,0.875348040266,0.92032555151,0.372884986078,0.913900192761,0.994859713001,0.622403084172,
424,0.977942998761,0.913258983891,0.433209417596,0.894919454771,0.9385377943,0.777199504337,0.0436183395291,
425,0.673142082674,0.574429636323,0.976507793088,
426,0.838513366659,0.199304499022,0.545750923712,0.801564877201,0.982395131493,0.0147793957835,0.206476852858,0.586611606173,0.594001304064,0.7726581178,0.484677244077,0.884807650511,0.590958487285,0.528363399261,0.924146924582,0.560095631384,
427,0.87976671153,0.559443696725,0.902646926873,0.76424405563,0.586585912965,0.369223867205,
428,0.023307933662,0.559390407889,0.697893321381,0.984087852981,0.72209771403,0.832138054684,0.945316001793,0.11721201255,0.182653518602,0.155087404751,0.360600627521,0.0174809502465,0.51792917974,
429,0.915528233151,0.0698998178506,0.165528233151,0.807604735883,
430,0.826780253386,0.669724770642,0.924202708606,0.899301004806,0.861074705111,0.230886850153,0.155089558759,0.978156400175,0.083005679336,0.00524246395806,0.343818261249,
431,0.612300587741,0.495382031906,0.0216204869857,
432,0.790260572405,0.803075608714,
433,0.565280665281,0.0411642411642,
434,0.822787562514,0.656447053707,0.913242009132,0.0282670145684,0.897368993259,0.889323766036,0.971080669711,0.670580560992,0.53228962818,
435,0.449136276392,0.284069097889,0.996801023672,0.139475367882,0.795478780124,0.681595222862,0.858605246321,
436,0.911352329263,0.942786069652,
437,0.808747855918,0.0253001715266,0.319682675815,0.270154373928,0.142367066895,0.581475128645,
438,0.921469155844,0.773944805195,0.850852272727,0.84963474026,0.605925324675,0.637581168831,
439,0.589192572502,0.93156686835,0.990402670561,0.54224911329,
440,0.610049539986,0.781316348195,0.462373201227,0.0372729417315,0.699221514508,0.824251002595,0.29700401038,0.895022410946,
441,0.207925301754,0.665224322478,0.861990434981,0.754042359371,0.886358460487,0.454110680938,0.838077886586,0.910271008882,0.580277841038,0.031427920747,0.915736734229,
442,0.390944710492,0.0367871136265,0.302568567697,0.603831084023,
443,0.0862753751103,0.689099735216,0.792586054722,0.633274492498,0.767431597529,
444,0.62441419326,0.230975228744,
445,0.886752136752,0.863888888889,0.71452991453,
446,0.501468736886,0.026437263953,0.345992446496,
447,0.372522823425,0.893119572478,0.968158539301,0.238922289022,0.8361166778,0.0498775328435,0.134713872189,0.321977287909,0.376530839457,0.739256290358,0.0298374526831,0.158316633267,0.587397016255,
448,0.0137228862328,0.951084550686,0.603806994245,0.920982735724,
449,0.768624014023,0.692813321648,0.71472392638,0.970639789658,0.611086765995,0.54097283085,0.41717791411,0.127957931639,0.0151183172656,
450,0.979109516776,0.0179362734754,0.723781388479,0.511922346487,0.466765140325,0.811352606035,0.500527537455,0.770204684533,
451,0.89322533137,
452,0.411041465767,0.0267598842816,
453,0.807463369963,0.604624542125,0.895604395604,0.0155677655678,0.399267399267,
454,0.286502644286,0.8395033341,0.0282823637618,0.934467693723,0.451368130605,0.777420096574,
455,0.609303295786,0.723821443471,0.620775969962,0.915102211097,0.761994159366,0.242594910305,0.599707968294,0.583437630371,0.661243220693,0.646224447226,0.219649561952,0.770546516479,0.545473508552,0.78994576554,0.596161869003,0.983521068002,0.839173967459,
456,0.789579158317,0.227655310621,0.592184368737,0.983967935872,0.841883767535,0.607815631263,0.24749498998,
458,0.852490421456,0.864942528736,
459,0.998554913295,
460,0.382133995037,0.680126325288,0.730882021205,0.335664335664,0.342657342657,0.654635686894,0.00383487480262,0.242499436048,0.48928490864,0.029776674938,0.545228964584,
461,0.0950422169301,0.497293786534,0.421519809483,
462,0.883908742176,0.105794467999,0.758126388048,0.611346658591,0.967898243489,0.945891378962,0.563496870583,0.933777508581,0.516454673935,0.396931152837,0.78921865536,0.171411265899,0.767009892994,0.076317383404,0.626892792247,0.49989905108,0.394306480921,0.896628306077,0.842519685039,0.744195437109,0.7894205532,0.275186755502,0.699777912376,0.0557238037553,0.265899454876,0.564708257622,
463,0.56206973129,0.940039973351,0.46435709527,0.0415278703087,
464,0.870265366296,0.41188478113,0.996144250397,
465,0.994098955969,0.233545165683,0.346345891966,0.386745347254,0.69950068089,
466,0.0269344898425,0.433462679753,0.575667655786,0.972837251769,0.971011184661,0.630677927414,
467,0.68420023465,0.698279233477,0.685764567853,0.182049276496,0.513296832225,0.780797809934,0.706883066093,0.902815799765,0.251662104028,0.0498631208447,0.247751271021,0.371724677356,
468,0.766820074512,0.0729783037475,
469,0.816279604507,0.756495746149,0.910324212463,0.910324212463,0.939756265808,0.939756265808,0.702460335709,0.802713267418,0.854219360773,
470,0.533420994959,0.232960771422,0.189349112426,0.593250054789,0.631163708087,
471,0.409019870507,0.479348068765,0.244250948873,
472,0.577002053388,0.535934291581,0.552589550536,0.940908053844,0.900524754734,0.503080082136,0.854893908282,
473,0.972209771403,0.119229045271,0.0228597041685,0.422904527118,0.489690721649,0.363065889736,
474,0.0103410341034,0.610561056106,0.860066006601,0.793619361936,0.0708470847085,0.936633663366,0.117271727173,0.55401540154,0.781078107811,0.788338833883,
475,0.0258064516129,0.636484983315,0.215350389321,0.258286985539,0.958398220245,0.189543937709,0.917686318131,0.327919911012,
476,0.396626984127,0.87123015873,0.930158730159,0.940277777778,0.659920634921,0.925595238095,0.122023809524,0.241468253968,0.552579365079,0.760317460317,0.80119047619,0.72996031746,0.983134920635,0.623214285714,0.948611111111,0.267261904762,0.255753968254,0.751984126984,0.625793650794,0.625793650794,0.856349206349,0.326984126984,0.893650793651,
478,0.57963568426,0.864082204577,
479,0.720096745822,0.941732629727,0.588390501319,0.729771328056,0.794635004398,0.60708003518,0.914907651715,
480,0.364620141343,0.455830388693,
482,0.0862462006079,0.787424012158,0.864551671733,0.501519756839,0.597834346505,0.187310030395,0.910524316109,0.593844984802,0.584156534954,0.677621580547,0.95079787234,0.973974164134,0.604103343465,0.0852963525836,0.947188449848,0.647226443769,0.644566869301,
483,0.878868258179,0.636162687887,0.788019451813,0.625110521662,0.845711759505,
484,0.192408951294,0.846423870118,0.310662571303,0.910925844669,0.3152698552,0.323168056165,0.141290039491,0.383501535761,0.587538394032,0.919701623519,
485,0.598398932622,0.693351122971,0.936179675339,0.759839893262,0.319768734712,0.707360462531,
486,0.287819479622,0.962928851025,0.693069306931,0.0557218512549,0.791158185586,0.274464655768,0.334561363113,0.681786783329,
487,0.563472922605,0.602937952203,0.934444200833,0.728349046262,0.873492655119,
488,0.504355400697,0.0117595818815,0.174216027875,0.776567944251,0.598432055749,0.702308362369,0.481707317073,0.588850174216,0.64612369338,0.865853658537,
493,0.873406396779,0.173562961306,0.864012525162,0.751286065757,0.836278237531,
494,0.476158344579,0.720197930724,0.397885739991,0.0123706702654,0.625730994152,0.387764282501,
495,0.573181419807,0.601811276658,0.749926964651,
496,0.969387755102,
499,0.515165336374,0.085062713797,0.085062713797,0.307411630559,0.361003420753,0.672748004561,0.510148232611,0.996579247434,0.864310148233,0.976282782212,
500,0.78421756576,0.560633080695,0.978600089166,0.613464110566,0.797592510031,0.352875613018,0.205305394561,0.947391885867,0.558181007579,0.0396790013375,0.047926883638,0.0818100757914,
501,0.699602999559,0.741729157477,0.37847375386,0.503087781209,0.0862373180415,0.955888839876,0.702470224967,0.714600794001,0.0613145125717,0.0613145125717,0.0613145125717,0.0613145125717,0.0613145125717,0.391927657697,0.0857962064402,0.67490074989,0.90361711513,0.640935156595,0.378032642258,0.513233348037,0.880679311866,0.0288928098809,0.778782531981,0.438023820026,0.761799735333,
502,0.639225746269,0.715951492537,0.349580223881,0.889225746269,0.40578358209,0.201026119403,
503,0.626170411985,0.551498127341,0.531132958801,
504,0.865413533835,0.101691729323,0.73515037594,0.0513157894737,0.628571428571,0.965037593985,
505,0.616677168662,0.418609535812,0.701953371141,0.267800882168,0.93740810754,0.851711825247,0.067422810334,
506,0.168884809546,0.528682882056,0.969940339605,0.97223497017,0.992198256081,
507,0.887620326841,0.210879785091,0.428251623013,0.991493172151,0.811058876203,0.499216476382,0.950749944034,0.802999776136,0.906872621446,0.0541750615626,0.978061338706,0.459144839937,0.920528318782,0.734945153347,0.717259905977,0.928139691068,0.656816655473,0.306021938661,0.683904186255,0.453548242668,
508,0.640672124084,0.562257647566,0.561611374408,0.913183972426,0.0646273158121,0.831538130116,0.175355450237,0.922231796639,
509,0.676081200353,0.490953221536,0.00728155339806,0.780008826125,0.429611650485,0.862091791703,0.0317740511915,
510,0.937365527134,0.72412144394,0.648099450155,
511,0.0589997695322,0.725051855266,
512,0.689087488241,
513,0.446283032848,0.970857001729,0.156334897506,0.840701407755,0.644356631267,0.956285502593,
514,0.81973816717,0.448388721047,
515,0.620222222222,0.764888888889,0.723333333333,0.705555555556,0.0435555555556,0.782666666667,
516,0.926184433164,0.544204737733,0.450296108291,0.522208121827,0.788494077834,0.888747884941,0.572758037225,
518,0.958628571429,0.0701714285714,0.818742857143,0.641828571429,0.594742857143,0.501714285714,0.820342857143,0.496228571429,0.0816,
519,0.344068949875,0.0805171240644,0.935813109549,0.431163529145,0.857110455886,0.924019051939,0.598321614879,0.422544794738,0.930596507144,0.131095486505,
520,0.746176720476,0.0991928632116,0.703695836873,
521,0.844534240749,0.690982560613,0.405146746066,0.477456401531,0.880476393024,0.583368779243,0.35835814547,0.327094853254,0.651212250106,0.882603147597,0.974053594215,0.295831561038,0.938749468311,0.0382815823054,0.332624415142,
522,0.755460385439,0.797644539615,0.959100642398,0.805353319058,0.864668094218,0.44625267666,0.470877944325,
523,0.178549027807,0.734894417729,0.453899226427,0.712732594606,0.492786953795,0.0487141961112,0.688061885846,
524,0.947453516572,0.820937752627,0.111156022635,0.79567502021,0.772029102668,0.879547291835,
525,0.907157894737,0.316210526316,
526,0.859927179268,0.351467123581,0.816020561148,0.422146069822,
527,0.669880034276,0.00321336760925,0.850042844901,
528,0.808610305599,
529,0.149729144095,0.83488624052,0.736078006501,0.680173347779,0.556013001083,0.593499458288,0.762513542795,0.936078006501,
531,0.626985954409,0.621459820401,
532,0.108858057631,0.174813233725,0.609605122732,
533,0.341918474954,0.756236057595,0.0296085986615,
534,0.564036478985,0.610824742268,0.12807295797,0.909199048374,0.53628072958,0.16435368755,0.394131641554,0.454004758128,0.758128469469,0.0305313243458,0.230570975416,0.673076923077,0.94726407613,0.419904837431,0.522006344171,0.725218080888,0.489888977002,0.760904044409,0.013084853291,0.889373513085,0.9006740682,0.848532910389,0.911379857256,0.948850118953,0.944686756542,0.0606661379857,0.0111022997621,0.634615384615,0.759516256939,0.677042030135,0.681205392546,0.821371927042,
535,0.131722689076,0.580462184874,0.457773109244,0.514075630252,0.645378151261,0.551260504202,0.827941176471,0.781932773109,0.456932773109,
536,0.317574306802,0.370436864153,0.992619190106,0.750249351686,0.696189906244,0.478755236385,0.892280071813,0.283263514861,0.615599441452,0.802912427688,0.895072810692,
537,0.697919102174,
538,0.847534651216,0.456259940923,
539,0.462367738071,0.805749650629,0.837692154123,0.956278698343,
540,0.717199814557,
541,0.597815533981,0.0533980582524,0.179854368932,0.365533980583,0.432038834951,0.804611650485,0.145388349515,0.254611650485,0.680339805825,
542,0.705482555505,0.770956048935,
543,0.384615384615,0.861356932153,0.504651690492,0.707283866576,0.817562968005,0.95756750624,0.915588835943,
544,0.840006963788,0.282033426184,0.852889972145,0.6875,0.969881615599,0.83356545961,0.736594707521,0.673398328691,0.975800835655,0.677750696379,0.0967966573816,0.757486072423,0.618558495822,0.756963788301,0.694463788301,0.765668523677,0.0322075208914,0.696204735376,0.940633704735,0.859679665738,0.303272980501,0.765494428969,0.947423398329,0.783600278552,
545,0.344619365969,0.375673927108,0.671770541298,0.0646970023722,0.538494716411,0.834160017253,
546,0.367553865653,0.941909590199,0.818335445712,0.744402196874,0.805449936629,0.626108998733,0.587241233629,
547,0.666731631261,0.303254726174,0.99863574352,0.496784252582,0.0341064120055,
548,0.95063259737,
549,0.209160649819,0.231723826715,0.905460288809,
550,0.333851621502,0.588627276766,0.44002665482,0.110173256331,0.72989782319,0.453576188361,
551,0.904286410132,0.534827082319,0.214320506576,0.404773502192,0.674135411593,0.970774476376,0.375060886508,0.565513882124,0.778373112518,0.637603507063,0.757671699951,0.998051631758,0.151485630784,0.638334145153,0.750608865075,0.929858743302,
552,0.928450106157,0.708492569002,0.312738853503,0.543524416136,0.635031847134,0.389808917197,0.775583864119,0.46050955414,0.298089171975,0.212951167728,0.645859872611,0.78067940552,0.409129511677,0.825902335456,0.908492569002,0.423566878981,0.570276008493,
553,0.0487753378378,
554,0.451673561489,0.708160962768,
555,0.425625161124,0.663573085847,
556,0.811545933944,
557,0.987413915934,0.718594158157,
558,0.659774867907,
559,0.487548549235,0.475896732922,0.887365775645,0.827278958191,0.984007310944,0.0641992232122,
560,0.475317028986,0.890398550725,
561,0.400043744532,0.750656167979,
562,0.0383554775633,
563,0.931361730302,0.421761200618,0.610461266829,0.455307879055,
564,0.719973160367,0.880339968687,0.61373294565,0.864012525162,
565,0.0219429058372,0.663613123136,
566,0.603294304425,0.924191307799,0.570946616392,0.0172653304227,0.813058146458,
567,0.827487609607,0.956157072055,0.688143347312,0.654022112085,0.94262295082,
568,0.654361132364,0.665263963275,
569,0.637999122422,
571,0.669815777043,0.816013226264,
573,0.958218232044,0.455455801105,0.00966850828729,0.747755524862,0.896408839779,0.651761049724,0.325276243094,
574,0.889041904387,0.762345071808,
575,0.767262298698,
576,0.403302373581,0.156656346749,0.973581011352,0.773581011352,0.863157894737,0.712280701754,0.716821465428,0.54262125903,0.977708978328,0.977708978328,0.986790505676,0.985964912281,0.376057791538,0.88689370485,0.752115583075,0.806811145511,
578,0.4995215311,0.584928229665,
579,0.79373433584,0.00175438596491,0.907769423559,0.974937343358,0.0726817042607,
580,0.621170553269,0.980795610425,0.434842249657,0.112482853224,
581,0.579653179191,0.738034682081,0.185202312139,0.115606936416,0.611098265896,
582,0.543910026322,0.61186886815,0.0208183776023,0.358937544867,0.0126824599186,0.482651351998,
583,0.354961832061,0.0231393129771,0.0546278625954,0.124045801527,0.0169370229008,0.280057251908,
584,0.64031817052,0.846880437484,0.4573701218,0.0805369127517,0.867511807109,
585,0.477643125784,0.142707898036,0.11345591308,0.650020894275,0.634559130798,0.441078144588,0.518804847472,0.0202674467196,0.152319264522,0.242791475136,0.95988299206,0.388424571667,0.468658587547,0.615127455077,0.615127455077,0.751984956122,0.763894692854,0.295653990807,
586,0.876532587653,0.773069477307,0.226070122607,0.651107765111,0.651968165197,0.892449989245,0.920843192084,0.767907076791,0.443106044311,0.835663583566,0.951172295117,0.439019143902,
587,0.386446493674,0.81406819644,0.501179498177,0.845164057474,0.684752305383,0.585460004289,0.772678533133,0.558009864894,0.615912502681,0.519837014797,0.790049324469,0.554793051683,0.547287154193,0.940167274287,0.238044177568,0.558438773322,0.219386660948,
588,0.966714024762,0.791150801705,0.418713212908,0.903389486503,0.00385630200934,0.627968337731,0.786482646641,0.946214735133,0.359244976659,0.826263446316,0.0966105134971,
590,0.850196804816,0.905070618199,
591,0.52192513369,0.921497326203,0.777754010695,0.291764705882,0.987165775401,0.79550802139,0.857540106952,0.903529411765,0.382032085561,0.534545454545,0.500748663102,0.607058823529,0.854331550802,
592,0.76335174954,0.156767955801,0.0750460405157,0.527854511971,
593,0.592794501067,0.423086039346,
595,0.387096774194,0.0243627340402,
596,0.0232955759778,0.626629621714,0.72194913443,0.63325496901,0.569779867493,0.901260953195,0.686257747382,0.696302628767,0.587304979697,0.946783500748,0.795041675572,0.721521692669,0.876896772815,0.381064329985,0.599273349006,0.614233810643,0.360760846335,0.319085274631,0.275486215003,
597,0.225987432675,0.785682226212,0.314407540395,0.813958707361,0.832360861759,0.427513464991,0.886894075404,0.320466786355,
598,0.736665922785,0.532916759652,
599,0.726155246984,0.00523560209424,0.616890507626,0.596858638743,0.378329160027,0.324834964717,0.317550648759,0.729569770089,0.549738219895,0.671750512178,0.629638060551,
600,0.780427787242,0.918038992996,0.66874881696,0.112057543063,0.433465833807,
601,0.695539906103,0.894366197183,0.993427230047,
603,0.0885391047713,0.302262666011,
605,0.417452313089,0.776584082438,0.151721113791,0.436965577724,0.423372067529,0.423372067529,0.695242271432,0.154790616093,0.351238763429,0.937294452971,0.582109186582,0.967770225828,0.675509756632,0.982021486516,0.0787108090331,
607,0.922246750061,0.60191317145,
608,0.812456747405,
610,0.0469915464943,
611,0.0668307459296,0.626845891708,0.673229837183,0.940174176448,0.937145020825,0.950965543355,0.665278303673,0.419159409315,
612,0.93806614704,0.510848957236,0.323783442174,0.0427638508532,0.970297029703,0.497577417316,0.975774173162,0.764272171898,0.785338108279,0.963977248789,
614,0.084595049267,0.502283105023,
616,0.83972853041,
617,0.70701754386,0.984649122807,0.388815789474,
618,0.280104712042,0.330061082024,
619,0.528280795886,0.934942991281,0.413816230718,0.850659512631,0.904761904762,0.939861390566,
622,0.937411764706,0.509882352941,0.599058823529,0.944941176471,
623,0.325244879786,
624,0.664150943396,
625,0.678653086676,0.701725213053,0.660985242153,0.89482436084,0.94741218042,0.47703180212,
626,0.467283950617,
627,0.193277310924,0.0813081989553,0.177151941858,
628,0.935734934401,0.0891705581499,0.217923059818,0.736490993996,0.84678674672,0.845897264843,0.629308427841,0.38158772515,0.411385368023,0.444518567934,
629,0.490649836372,0.792192613371,0.879850397382,0.958625525947,
630,0.0292037417294,
631,0.905922599957,0.517639512508,0.882403249947,0.125721616421,0.274748770579,0.65704511439,
632,0.802289048474,0.609066427289,0.721723518851,0.895197486535,
633,0.0971159505592,0.546203649205,0.185795566019,0.660192269963,0.985677849716,0.393957229743,0.72160094173,0.930939768491,0.781440062782,0.744948008633,0.893270551305,0.971551893271,
634,0.85954045954,0.432167832168,0.893706293706,0.0041958041958,0.617582417582,0.126473526474,0.67992007992,0.709090909091,0.873526473526,0.556243756244,0.825174825175,0.584815184815,0.697102897103,0.53026973027,
635,0.465737514518,0.951219512195,0.752613240418,0.443205574913,0.29756097561,
636,0.239930705933,0.686660892161,0.134906886098,
637,0.517841011743,0.713414634146,
638,0.787705503931,0.0452704312604,0.0166785799381,0.64879675959,
639,0.0839679750049,0.351103300137,0.71724272603,0.0169888693615,0.851200937317,0.561804335091,0.726420620972,0.636594415153,0.705721538762,0.502831478227,0.372583479789,0.960749853544,0.631712556141,0.827572739699,0.701425502831,0.431556336653,0.812731888303,0.929310681508,0.682483889865,0.783440734232,0.683264987307,0.743409490334,0.622729935559,0.521187268112,0.722319859402,0.371021284905,0.690685413005,
640,0.381603773585,0.249764150943,0.448349056604,0.694103773585,0.32570754717,0.985377358491,0.814386792453,0.795283018868,0.0528301886792,
643,0.884634266078,0.506872852234,0.811978399607,0.715267550319,
644,0.877681518152,0.559199669967,0.342821782178,0.985561056106,0.14603960396,0.244224422442,0.153259075908,0.395214521452,0.943894389439,0.675948844884,0.980816831683,0.705858085809,0.68048679868,0.408415841584,0.864892739274,0.663985148515,0.845915841584,0.54352310231,0.949876237624,0.287747524752,
645,0.901711378353,0.65980573543,0.373959296947,0.557816836263,0.698658649399,
646,0.00157764255127,0.581248591391,0.76831192247,
647,0.296080261316,0.0282314512366,0.76971535231,0.628324778348,0.97830144657,
648,0.903913756738,0.820717131474,0.47222873213,0.809702367003,0.784391844387,1.0,0.897351769393,0.0578861026482,
649,0.300980157781,0.671527611762,
651,0.491480996068,0.550458715596,0.349716033202,0.980777632154,0.0753604193971,0.132153778943,0.446483180428,0.78374836173,0.640235910878,
652,0.0144694533762,
653,0.738019169329,0.684345047923,0.621512247071,0.948668796592,0.897337593184,0.950159744409,0.770394036209,0.639829605964,0.816826411076,0.698402555911,0.00149094781683,0.840042598509,0.558679446219,0.497550585729,0.400851970181,0.53439829606,0.524174653887,0.668370607029,0.560383386581,0.56719914803,0.258572949947,0.451757188498,0.37933972311,0.626411075612,0.058785942492,
654,0.563700509604,0.455115640925,0.510192081537,0.784398275186,0.866914935319,0.227557820463,0.988827910623,0.941591532732,0.966287730302,0.800666405331,0.532340258722,0.724225793806,0.792434339475,0.421991375931,0.544100352803,0.983339866719,0.388671109369,0.891219129753,
655,0.543068783069,0.672380952381,0.562328042328,0.462010582011,0.806137566138,0.639153439153,0.675978835979,0.541375661376,0.979047619048,0.821375661376,0.676402116402,0.742645502646,0.713862433862,0.746455026455,0.163597883598,0.990264550265,0.657989417989,0.985608465608,0.854391534392,0.967195767196,0.92126984127,0.881058201058,0.441693121693,
656,0.972216462783,0.674476466929,0.978229317852,0.101596516691,0.894671366369,0.617665353514,0.471490773378,0.672817748289,
657,0.960610200364,0.755236794171,0.797358834244,
658,0.00786870503597,0.373201438849,0.897482014388,0.851618705036,0.913669064748,0.930080935252,0.785521582734,
659,0.859623733719,
660,0.539041595719,0.432498175626,0.92216005838,0.590610557042,0.568231573826,0.201410848942,
661,0.446033519553,0.717318435754,0.749273743017,
662,0.6014445174,0.613044429853,0.767564018385,0.998249069818,0.937623112278,
665,0.831081081081,0.00654560810811,0.784206081081,0.795819256757,0.845861486486,0.248310810811,0.658994932432,0.926309121622,
667,0.552271483306,0.48056923919,0.974001094691,0.113847837986,0.724137931034,0.695949644226,0.895457033388,
670,0.209948320413,0.969207579673,0.383290267011,0.613264427218,
671,0.87785264073,0.89132797218,0.805042382091,0.478591610519,0.513149315366,0.452292979787,0.863942621169,0.832645077157,0.832645077157,0.550097804825,0.550097804825,0.373614431645,0.800695500978,0.760269506629,0.904585959574,0.520539013258,0.574657683112,0.432949358835,0.432949358835,0.655944359922,0.0328189524017,0.466855031515,0.323190610737,0.82503803521,0.890675940013,0.495761790915,0.989350141274,
672,0.757854242359,0.696943791408,0.0491558025219,0.583030562086,0.412695020303,0.164351357128,0.553964522334,0.523188715538,0.895490489421,0.53216499252,0.640094037187,0.878820260739,0.220773669588,0.428937807224,0.893353280616,0.235947852105,
673,0.752722872126,0.805163372328,0.728922952804,0.319281968536,0.559701492537,0.819281968536,0.459257765228,0.958652682533,0.763210972166,0.672851956434,0.847115772489,
674,0.227186910006,0.892804698972,0.986364589889,0.739249003566,0.787497377806,0.544367526746,0.91441157961,0.281518774911,0.685336689742,0.642122928467,
675,0.407991360691,0.907343412527,0.0401727861771,0.0401727861771,0.0239740820734,
676,0.164320597529,0.774968878675,0.774968878675,0.688690989179,0.732835392129,0.311404768745,0.311404768745,0.338121229532,0.267930671263,0.344153978742,0.647515081873,0.759839126688,0.388489897539,0.151106004022,0.241118452552,0.148041750455,0.522838264866,0.191420090012,0.201761945801,0.0102460978646,0.28813559322,0.410897251748,0.688403715407,0.395192952217,0.360432825816,0.379392894762,0.243799674423,0.0644450828306,0.626735612372,0.253662740592,0.103418557886,0.207411663315,0.565450541032,0.339270324619,0.677295796227,0.613329503016,0.3479842957,0.454562865077,0.018002489706,0.852820070861,0.67375275304,0.958536818922,0.285837403045,0.0490280570717,0.657378148042,0.503973953845,0.74107057359,0.199942545246,0.631715024418,0.731686297041,0.301828976348,0.12573015417,0.318395097194,0.887675955185,0.195058891123,0.124198027387,0.705735899646,0.423345781863,0.387819592071,0.310542947429,0.325002393948,0.920903954802,0.827731494781,0.604136742315,0.139998084842,0.358421909413,0.294838647898,0.347313990233,0.318682370966,0.383797759265,0.284784065881,0.346069137221,0.132528966772,0.785406492387,0.539978933257,0.718950493153,0.701235277219,0.216029876472,0.303265345207,0.187302499282,0.330747869386,0.229819017524,0.265536723164,0.358996456957,0.721918988796,0.303169587283,0.872641961122,0.425452456191,0.422388202624,0.618117399215,0.73963420473,0.435315522359,0.875323182993,0.325576941492,0.766446423442,0.629225318395,0.489035717706,0.43292157426,0.954706501963,0.770564014172,0.0446231925692,0.268600976731,0.846404289955,0.549650483578,0.2157426027,0.2157426027,0.721057167481,0.723738389352,0.732452360433,0.607296753806,0.72297232596,0.269271282199,0.176577611797,0.688020683712,0.405439050081,0.256439720387,0.48721631715,0.305659293307,0.233553576558,0.0833093938523,0.308915062721,0.521497653931,0.768648855693,0.530690414632,0.478119314373,0.308436273102,0.69740496026,0.0251843340036,0.349707938332,0.2876568036,0.117494972709,0.575217849277,0.721440199176,0.769031887389,0.328928468831,0.221009288519,0.316862970411,0.868524370392,0.882888058987,0.334482428421,0.06636024131,0.14986115101,0.796227137796,0.260940342813,0.43895432347,0.393277793737,0.125347122474,0.368284975582,0.635832615149,0.424207603179,0.671358804941,0.13272048262,0.439624628938,0.25940821603,0.763860959494,0.401896006895,0.46404289955,
687,0.995290087776,0.584671376579,0.974737743524,0.974523656605,0.0145579105117,0.780560907729,0.745878826804,0.562192250054,0.375722543353,0.102761721259,0.806037251124,0.566688075359,0.9578248769,
688,0.560431823516,0.922553391223,0.973480403661,
689,0.617790132036,0.99119759092,0.329163771137,0.641186008802,0.281677090572,0.118137595552,0.644660643966,0.563354181144,
690,0.902059496568,0.166132723112,0.275743707094,0.31647597254,0.814645308924,
691,0.587453358209,0.451958955224,0.632229477612,
692,0.480220228385,
693,0.869243768483,0.890367553866,
694,0.793704710145,0.416893115942,0.866168478261,0.907608695652,0.563405797101,0.562273550725,0.0717844202899,0.864809782609,
695,0.447933502655,0.546063264835,0.96051720157,0.0891249134149,0.513738166705,0.189794504733,0.00507965827753,0.561533133226,0.543523435696,
696,0.4699669967,0.14301430143,0.556215621562,
697,0.425017119379,0.513353115727,0.108422734535,0.990184889295,0.829719242182,0.82698014152,0.411321616069,
698,0.262388124864,0.306919886488,0.514734774067,0.557738485047,0.672778869243,0.437677363021,
699,0.488874201366,0.426525666446,0.240801938753,0.240801938753,
702,0.795137420719,0.862367864693,
703,0.677338211754,0.257717813858,0.959067002058,0.678481591585,0.1344614681,0.769494626115,0.0212668648525,
704,0.608345534407,
705,0.0585784313725,0.68137254902,0.738480392157,
706,0.786166708893,0.177856599949,0.684317202939,0.532809728908,0.654674436281,
707,0.016843741902,
710,0.775169300226,0.294356659142,
711,0.292670555415,0.405275171189,0.403246259194,0.429368501141,0.373573421253,
713,0.987974683544,0.549156118143,0.182700421941,
715,0.505783624405,0.38784304831,0.988205942391,0.676343842141,0.595826718077,0.880471762304,0.820367430256,0.855522794284,
716,0.827364554637,0.432277318641,0.664830119376,0.679063360882,0.02318640955,0.181588613407,
717,0.642180593559,0.948221427068,0.0780888234056,0.415912439486,0.971163965481,
718,0.456699517719,0.469071084085,0.63619207381,
719,0.477385847219,0.74291278944,0.642718026401,0.278294741398,0.982904133304,0.149534732742,0.807400995456,0.885955420905,0.764553127029,0.853278511145,0.994589915603,
720,0.789431384368,0.471368294153,0.884870403858,0.829013461925,0.600763512156,0.897327707454,0.655615832831,0.327908378541,0.125778581475,0.323688969259,0.745629897529,0.812537673297,0.575246132208,0.806710870002,0.930078360458,0.0409885473177,0.764315852923,0.787823990356,0.396624472574,
721,0.619026742657,0.854449802718,0.610477860587,0.450679526523,0.158921525647,0.492327926348,0.5100832968,
722,0.478725678854,0.717767799872,0.608082103913,0.225999572375,0.887107119949,0.628394269831,0.486636732948,
723,0.701358457493,0.63036809816,0.915205959684,0.985319894829,0.402716914987,0.435582822086,0.763365468887,0.921779141104,0.632340052585,0.511174408414,
724,0.155823107201,
725,0.916762210502,0.720247649622,
726,0.517717441325,
727,0.791382667965,
728,0.0331345261763,0.736028274796,0.593549812238,0.030262867241,0.487519328474,0.797216699801,0.013916500994,0.622487298432,0.903468080406,0.782637508284,0.783079301966,0.53191959355,0.752374641043,0.788159929313,
729,0.897190426639,0.503225806452,0.948595213319,0.206243496358,0.680957336108,0.668678459938,0.491987513007,0.994797086368,0.22767950052,0.589594172737,0.78064516129,0.936108220604,0.648699271592,0.606659729448,0.422476586889,0.326326742976,
730,0.260181472885,0.925089681367,0.505169867061,0.478792994303,0.497362312724,0.414222409791,0.0411479215024,0.727368643174,0.998100865161,
732,0.565696855936,
753,0.238172920065,0.843665035345,
754,0.308439306358,0.0221965317919,0.371560693642,0.435375722543,0.868901734104,0.967167630058,0.664277456647,
756,0.0176970811308,
757,0.365853658537,0.868247093686,
758,0.0906344410876,0.890835850957,0.36475327291,0.547633434038,0.996173212487,0.495266868077,0.94944612286,0.549647532729,0.947633434038,0.968982880161,
759,0.961923847695,0.600089067023,0.645067913605,0.5250501002,0.88710754843,0.924961033177,0.947673124026,0.984858606101,
760,0.366311399444,0.828081556997,0.969184430028,
761,0.785030291186,0.785030291186,0.329489935509,0.471565370334,0.519640414305,0.44440101622,0.888215751417,
763,0.315276048153,0.52801992528,0.19198837692,0.375051888751,0.793067662931,0.649439601494,
797,0.221481305073,0.304120028578,0.440104786854,0.100738271017,0.0557275541796,
802,0.444656893988,0.355852984916,0.600382409178,0.323135755258,
803,0.524601524602,0.0759990759991,0.298221298221,
804,0.99888168195,0.754193692686,0.947215388056,0.180496533214,0.651084768508,
805,0.654419951013,0.953462480517,
806,0.755654101996,0.986696230599,0.626164079823,0.361640798226,0.539911308204,0.912416851441,0.99866962306,
807,0.649087221095,
809,0.319012345679,0.144444444444,
811,0.517414181909,0.7742420446,0.156101227762,0.219243297419,0.266098722125,0.365823101979,0.478576797795,0.522425457279,0.676271611125,0.248058130794,0.727136056126,
812,0.784848484848,
813,0.880838459786,0.00615174299385,0.491683754842,
815,0.831595688284,0.224244566178,0.499734935501,0.613005831419,0.863050008835,0.64004241032,0.935854391235,0.836190139601,0.548330093656,0.726453437003,0.518819579431,0.780880014137,0.781233433469,0.687047181481,0.940625552218,
816,0.399755501222,
817,0.796698022653,0.796698022653,0.118640813976,0.961220963717,0.980034555577,0.809560376272,0.467460165099,0.330005759263,0.401804569015,
819,0.815263605442,0.433460884354,0.995960884354,0.925382653061,0.632227891156,0.594600340136,0.734481292517,0.630739795918,0.641369047619,0.746598639456,0.344600340136,0.316113945578,
820,0.726995734308,0.835872435507,0.0253910217347,0.964046313224,0.812309567337,0.79362177534,0.264879138737,0.659963436929,0.56469632338,0.380662197847,
821,0.386413762682,0.241508601676,0.589545655051,0.0959417732686,0.248345831495,0.923687692986,0.405602117336,0.415527128363,0.728936921041,
822,0.94647256439,0.789697648376,0.741769316909,0.402015677492,0.874580067189,0.539305711086,
823,0.488086642599,0.788628158845,0.66155234657,0.75036101083,0.786823104693,0.758483754513,0.807039711191,0.103249097473,0.863537906137,0.301263537906,0.796389891697,0.68916967509,
824,0.777894736842,0.480210526316,0.480210526316,0.569473684211,0.714526315789,0.119578947368,0.836,0.0471578947368,0.448421052632,0.722947368421,0.279157894737,0.579789473684,0.826105263158,0.678105263158,0.268,
825,0.0845722641969,0.949792834511,
826,0.857082630691,0.62436762226,0.805227655987,
827,0.57578455375,0.594925439573,0.523703538838,0.757622969063,0.818829290007,0.599376808369,
828,0.855179090029,0.202516940949,0.934753146176,0.848789932236,0.353727008712,0.881316553727,0.480154888674,0.048596321394,0.286737657309,0.553727008712,0.198451113262,0.2,0.422071636012,0.813552758955,
829,0.978654853,0.862867498993,0.626258558196,0.0585984695932,0.933346757954,0.733387031816,0.761377366089,0.142569472412,0.990938380991,0.684655658478,0.517519130085,0.69271043093,0.852396294805,0.957511075312,
830,0.916501432033,0.95527649262,0.563780568407,0.844018506279,0.248292575457,0.473231989425,0.997135933025,0.761841815378,0.66997135933,0.316148931483,0.316148931483,0.735183961225,0.811191892487,0.855034148491,0.0359109936109,0.0167437761622,0.648601013439,0.788940295219,0.395461555409,0.723287067636,0.913857677903,
832,0.357550210761,
833,0.525753158406,
835,0.963029525032,
837,0.902766798419,0.812845849802,0.603754940711,0.496837944664,0.488735177866,0.539920948617,0.921146245059,0.966205533597,0.339328063241,0.496640316206,0.897826086957,0.651383399209,0.551383399209,0.847035573123,0.946640316206,0.481422924901,
839,0.419004346108,0.911102331094,
842,0.129437706725,
843,0.306171754887,
846,0.849272116461,0.242777155655,0.30078387458,
847,0.91951938336,
