6,0.618215514959,
64,0.0290167865707,
138,0.474021084337,0.974774096386,0.892884036145,
154,0.483477901694,0.630111524164,0.827550598926,0.274266831888,0.854192482445,0.792854192482,0.0105328376704,0.525196199917,
155,0.848713712532,0.591928251121,0.20509794666,0.637479348596,0.725041302809,0.924002832193,
156,0.169203450025,
157,0.684764657308,0.916597853014,
158,0.38491717524,0.811900610288,0.113775065388,0.171098517873,0.900610287707,0.759154315606,0.622057541412,0.67829119442,
159,0.818573583279,0.0864037922861,0.970265029089,0.243697478992,0.564102564103,0.975867269985,0.245636716225,
187,0.722119389172,0.0161962054604,0.0434983803795,0.458121240167,
189,0.0132541133455,
196,0.080035180299,
197,0.433861386139,0.948712871287,0.351683168317,0.407128712871,0.941782178218,0.42,0.92099009901,0.667524752475,0.592475247525,0.65603960396,0.686336633663,0.680396039604,
198,0.6989974353,0.704826299837,0.549079039403,0.679878759618,
199,0.812391142075,0.740980343369,
201,0.932636788562,0.699752543305,0.780038493264,0.432774264504,0.347539180643,
202,0.190610993159,0.14036329323,
203,0.84249171009,0.0720037896731,0.783278067267,
204,0.773094829699,0.839010046557,
205,0.454157303371,0.873483146067,0.679101123596,0.831011235955,0.182921348315,0.761348314607,0.140449438202,0.770561797753,0.331685393258,0.384494382022,
206,0.508607198748,0.676279901632,0.405767940979,0.570757880617,0.034652358596,0.354795439302,0.438631790744,0.807064609882,
219,0.867478510029,
226,0.34254273004,0.716928119878,0.75743385624,
227,0.651753325272,0.81015719468,
229,0.389893485261,
230,0.243532178747,0.408595253368,0.412230062006,0.14304041052,0.0431900791105,0.468248877486,0.412871498824,0.343596322429,0.975839213171,0.421423989737,0.701518067137,0.807568954458,0.332264271969,0.6608937353,0.730596536241,0.936283942698,0.97883258499,0.421851614283,0.986743639085,0.459268762027,0.978618772718,0.606799230276,0.855249091298,0.929441949968,0.903570664956,0.200769724182,0.518280949326,0.395338892452,0.462689758392,0.611289288005,0.435535599743,0.824246311738,0.261064785119,0.222364763737,0.222364763737,0.160786829164,0.448578148386,0.225999572375,0.65704511439,0.908915971777,0.859525336754,0.597605302544,0.987385075903,0.89630104768,0.649134060295,0.930938635878,
231,0.995649336524,0.241896889276,0.354796606482,0.978246682619,0.577985642811,0.0367631063737,0.45290406787,0.690015227322,0.704372416794,0.72873613226,0.780944093974,
232,0.932014833127,0.811701689328,0.715492377421,0.670374948496,0.668520807581,0.77564894932,0.771734651834,0.630819942316,0.0430572723527,0.899464359291,
233,0.436582109479,
234,0.630813312762,0.0359268238924,0.957901697157,0.975093674234,0.774520608331,0.0954375137756,0.931893321578,0.592241569319,
235,0.996683250415,0.903340440654,0.547500592277,0.944089078417,0.378109452736,
236,0.884192365754,0.0215656674574,0.479404787578,0.701962475739,
237,0.84662442648,0.658509941009,0.933362464496,0.355036049814,0.886825431505,0.903211710728,0.750054620931,0.0225038234652,0.258684727988,0.126502075595,0.840288398514,0.122350884859,0.776928118855,
239,0.829372029022,0.454590943207,
240,0.797245355541,
241,0.116645807259,0.0250312891114,
242,0.610652997548,
243,0.829773462783,0.71736785329,0.518446601942,0.27594390507,0.9309600863,0.0107874865156,0.524919093851,0.952535059331,0.327723840345,0.638187702265,0.707227615965,0.879611650485,0.704422869471,0.596763754045,0.615102481122,0.270550161812,0.758144552319,
244,0.318116975749,0.612220637185,0.7929148835,0.630290061816,
245,0.253540121376,0.823555855248,0.971229489773,0.433580579906,0.417172398292,0.750056192403,0.978646886941,0.0330411328388,0.905821532929,0.916835243875,0.967408406383,0.509552708474,0.579006518319,0.817262306136,0.372443245673,
246,0.00923450789793,0.864884568651,0.0884568651276,
247,0.191224133633,0.555971079531,0.022687609075,0.0286711543256,0.583644976315,
248,0.0521757956268,0.705563974886,0.783069928556,0.557263476943,0.956267590388,0.862091361767,0.668759471747,0.687594717471,
249,0.0640074211503,0.62685528757,0.608766233766,0.563543599258,0.731910946197,0.268089053803,0.0505565862709,0.437384044527,0.835807050093,0.326066790353,
250,0.594675740592,0.406325060048,0.77742193755,0.115092073659,0.635308246597,0.311449159327,0.821657325861,0.821056845476,0.0414331465172,0.757005604484,0.977582065653,0.858086469175,0.480784627702,0.279223378703,0.966373098479,0.985588470777,0.738991192954,0.724579663731,0.330464371497,
251,0.0862653666808,0.0211954217889,0.452734209411,0.549597286986,0.61742263671,0.612547689699,
253,0.573600202686,0.83329110717,
254,0.91169010837,0.925985704404,
256,0.10443668993,0.965852442672,0.953389830508,0.1722333001,0.79112662014,0.913010967099,
257,0.577014218009,0.614218009479,0.580805687204,
258,0.71142578125,0.66455078125,
259,0.963343108504,0.216764418377,0.216764418377,0.16788856305,0.215053763441,0.293255131965,0.626099706745,
260,0.961281996128,0.462465046247,0.757582275758,
261,0.783105534394,0.677571140488,
262,0.797501892506,0.696820590462,0.593679031037,0.313398940197,
263,0.0651323360184,0.5249712313,0.634752589183,0.408285385501,0.857767548907,0.339700805524,0.997238204833,
264,0.0833127317676,
265,0.155948553055,0.263933547696,
266,0.734483484115,0.487271197139,
267,0.682498930252,0.916131792897,0.495079161318,0.884681215233,0.221437740693,0.269362430466,0.639067180145,0.857509627728,
268,0.554559043348,0.524476831091,0.790732436472,0.495328849028,0.761771300448,0.898729446936,0.739162929746,0.564461883408,0.496449925262,0.908819133034,
269,0.405841842793,0.0365708857754,0.220612681073,0.901923533602,0.538589408692,
271,0.535464098074,0.752189141856,
272,0.0156017830609,0.41406636949,
273,0.828168412054,0.907886300492,0.229536225689,0.349219918786,0.761060055567,
274,0.972838482272,0.973045822102,0.309765705992,0.618080033174,0.142442463197,0.303545511093,0.724238026125,0.324486833921,0.324486833921,0.0580551523948,0.0580551523948,0.921210864607,0.595687331536,0.591955214597,0.540742276591,0.540742276591,0.851752021563,0.913539290898,0.918722786647,0.908148455318,0.873108024051,
275,0.947065868263,0.200958083832,0.724790419162,0.0136526946108,0.782754491018,0.717844311377,0.506347305389,0.746107784431,0.841437125749,0.733892215569,0.479041916168,0.699640718563,0.376766467066,0.239520958084,0.568862275449,0.276646706587,0.968622754491,0.0328143712575,
276,0.0944716585024,0.0247259155587,0.615348728715,
277,0.447549345753,0.883566200931,0.786648924373,0.806830782879,0.55710800621,0.563761366157,0.283654912397,
278,0.337198929527,0.601471900089,0.745539696699,0.67774308653,0.984165923283,0.983719892953,
279,0.91351143571,0.208341341534,0.355756294446,0.477032481261,0.770517009418,0.931770132616,0.926196425139,0.141456851816,0.986354026523,0.530078800692,0.830482413992,0.923697866615,0.202575437248,
280,0.516469321851,0.955005382131,0.372228202368,0.285898815931,0.116899892357,0.144886975242,
281,0.852419531421,0.509305890081,0.814101160499,0.749726297351,0.0505802496168,0.84825925115,0.0884606962995,0.107510400701,
282,0.481632653061,0.346355685131,0.951020408163,0.539164237123,0.701846452867,0.483576287658,0.712147716229,0.0989310009718,0.920699708455,0.682021379981,0.443537414966,0.944217687075,
283,0.585233003833,0.0786766189227,0.723017954408,0.413556586645,0.448053258019,0.479725640508,0.785959249546,0.826104498689,0.703247932217,0.477506556385,0.850110954206,0.386322372403,0.901149889046,0.930804922332,0.302198910631,0.292515634456,0.292515634456,0.292515634456,0.292515634456,0.862416784345,0.875126084325,0.895904781118,
284,0.964929277272,0.932377446231,0.799844991281,0.297229219144,0.287347413292,0.658012013176,0.240263514823,0.692501453207,0.195117225344,0.766518116644,0.876186785507,0.764968029452,
285,0.625636672326,0.613327674024,0.605899830221,0.950764006791,0.718803056027,0.633276740238,0.633276740238,0.45564516129,0.264855687606,0.889643463497,0.429966044143,0.0405348047538,0.223259762309,
286,0.331727111337,0.0147096119706,0.21481105757,0.680953588638,0.737763124524,0.153182855694,0.428100431144,0.520669540959,0.0593456758813,
287,0.0748624730926,0.694092322411,0.0291796221,0.76632384597,0.874910308539,0.0633819660368,0.79598182253,
288,0.736296637494,0.809074159374,0.62091202211,
289,0.47166443552,0.166889781348,0.0832217759929,0.145247657296,0.0609103078983,0.726238286479,0.718652387327,0.764390896921,0.0624721106649,0.390450691656,0.940205265506,0.0858991521642,0.74988844266,0.71709058456,
290,0.429702970297,0.840704070407,0.729152915292,0.717711771177,0.85302530253,0.65104510451,0.499449944994,0.953795379538,
291,0.977618243243,0.980363175676,0.957347972973,0.627322635135,0.015625,0.616342905405,0.452280405405,0.758234797297,0.260768581081,0.611486486486,0.814611486486,0.825802364865,0.680743243243,0.412373310811,
292,0.678888090103,
293,0.741724738676,0.775914634146,0.905270034843,0.922473867596,0.994773519164,0.845818815331,0.595165505226,0.763066202091,
294,0.698648913256,0.901116115136,0.805756804386,0.894066966908,0.948110436656,0.634031721167,0.450753867241,0.264147248874,0.683179949089,0.958096729978,0.947131388291,0.908361073037,0.844331309967,0.814372429998,0.538672410417,0.550225181124,0.990796945369,0.621891521441,0.783630311337,0.873898570589,0.866457803015,0.92226355982,0.259643626395,0.749755237909,
295,0.388656341566,0.342821264127,0.726245290917,0.775429049812,0.0238593553788,0.829007953118,0.484721640854,0.813938886563,0.45186270406,
296,0.741950428538,0.226082927959,0.0829279592309,0.191104933982,0.827426453556,0.948807041927,
297,0.616865453024,0.590081607031,0.988072818581,0.69470600544,0.522284996861,0.943084327265,0.544674618121,0.479388993513,0.999581502406,0.422473320778,0.609123247541,0.645741786985,0.860431052521,
298,0.251627906977,0.848837209302,0.608372093023,0.912790697674,0.736744186047,0.167674418605,
299,0.859815242494,0.7896073903,0.842956120092,0.601616628176,0.384295612009,
300,0.646962233169,0.835561810931,0.97466572836,0.500821018062,0.739150832747,0.942763312221,0.630072718743,0.0581749941356,0.927046680741,0.364532019704,0.689655172414,0.140745953554,0.859488623035,0.0279146141215,
301,0.994361750113,0.495714930086,0.485340550293,0.0151105096978,
302,0.654175802272,0.672114809647,0.842535379709,0.577835359777,0.92585210285,0.992226430138,0.142714769783,0.552122782539,0.69184771776,0.211680287024,0.535579031294,0.905919872434,0.942794498704,
303,0.926829268293,0.667370846937,0.284616861917,0.19473785289,0.792778951412,0.0236220472441,0.799308623007,0.828500096025,0.927789514116,0.890531976186,0.828115997695,0.778375264068,0.607835605915,0.790666410601,0.919723449203,0.863837142308,0.912809679278,0.8676781256,0.316689072403,0.498175532936,
304,0.89383367905,0.757307184612,0.929473882708,0.567226098435,0.447293984537,0.326984725627,0.863473505563,0.399019422968,0.647935131058,0.976239864228,0.893645106543,0.126532151612,0.797284555912,0.629643597963,0.877616443523,0.905148029417,0.650198001131,0.802941731096,0.291721666981,0.896662266642,0.998491419951,0.523100132001,
305,0.776988932971,0.432866986845,0.750261014826,0.668615577365,0.83315932345,0.883691793694,0.0169137607016,0.461265399875,
306,0.517853029256,0.460032250633,
308,0.113921001927,0.695327552987,0.31767822736,0.650048169557,0.901011560694,0.643545279383,0.780828516378,0.497832369942,
310,0.798231511254,0.768890675241,0.29461414791,0.298231511254,
311,0.147291800471,0.466495397131,0.914151145365,0.89167201884,0.950545921644,0.911796189253,0.491329479769,0.932562620424,0.0608006850781,0.280882038107,0.929565403554,0.0524512952259,
312,0.676944003627,0.832917705736,0.720471548402,0.815461346633,0.341872591249,0.351620947631,0.742235320789,0.938789390161,0.0113352981183,0.879845839946,0.896848787123,0.760145091816,
313,0.456228956229,0.377104377104,
314,0.558518845052,0.747851002865,0.0476085519065,0.754904121666,0.468371170377,
315,0.507048658481,0.916098226467,
316,0.703206239168,0.47205372617,0.478119584055,0.847920277296,0.850953206239,0.993284228769,0.615467937608,0.569757365685,0.917461005199,0.761265164645,0.800693240901,0.493284228769,
317,0.0815026362039,0.347759226714,0.914982425308,0.509885764499,0.394991212654,0.416739894552,
318,0.0610778443114,0.613173652695,0.363113772455,0.951377245509,0.658682634731,0.400718562874,0.473053892216,0.280958083832,
319,0.398903358465,0.330591729495,0.866803746859,
320,0.494341234252,0.586589792868,0.9666880205,0.0232756779842,0.0783685671578,0.798633354687,0.65598975016,
322,0.721069868996,0.905931586608,0.328966521106,0.599526928675,0.73635371179,0.949053857351,0.554949053857,0.33788209607,0.827510917031,0.782569141194,0.568413391557,0.624818049491,0.562954876274,0.475800582242,0.887372634643,
323,0.988786444057,0.974084226265,0.969349613755,0.969349613755,0.876401694493,
325,0.622246298303,0.622246298303,0.622246298303,0.622246298303,0.617370892019,0.285120982304,
327,0.707888391319,
328,0.975086138351,
329,0.680370722433,0.713640684411,0.546815589354,
330,0.963178294574,0.486918604651,0.931201550388,0.451792635659,
333,0.319264629726,
334,0.790911126035,
335,0.571750902527,0.0636281588448,0.69833032491,
336,0.8967126193,0.829904559915,0.873382820785,0.54019088017,0.400212089077,0.184517497349,0.875715800636,0.843690349947,
337,0.52800694746,0.325662179766,0.762049500651,0.667390360399,0.933130699088,0.743812418584,0.110290924881,0.7778983934,0.561224489796,0.393834129396,0.632653061224,
338,0.596572181938,0.176884201274,0.772357723577,0.537684025489,0.510876730389,0.623379477038,0.947484069435,0.809272687321,0.921995165898,0.0303230059328,0.309382553285,0.96725994287,0.936497473083,0.988573939793,0.346736980883,0.819600087893,
339,0.732422749664,0.856471115092,0.74025974026,0.795342588446,0.714509628303,0.688535602329,0.336990595611,0.575459023735,0.967308553515,0.923197492163,0.887819077474,0.93842364532,
340,0.918862690707,
341,0.863645898888,0.397524648626,0.404027690371,0.959723096287,0.0448919655968,0.68260960772,0.503880847493,0.671491504091,0.759807006503,0.500943989931,0.990979651773,0.93874554227,0.0979651772603,0.495280050346,0.953220054542,0.868680511852,0.741976085588,
342,0.769909552173,0.708581513347,
343,0.627492130115,0.775236096537,0.853725078699,0.806086044071,0.464218258132,0.703462749213,0.343966421826,0.099685204617,0.920041972718,0.28499475341,0.731584470094,0.84407135362,0.857292759706,
344,0.934160305344,0.765982824427,0.863311068702,0.338979007634,0.524570610687,
345,0.0523911875336,0.161203653949,0.927995701236,
346,0.73300744879,0.0297951582868,0.563081936685,0.339618249534,0.561685288641,
347,0.0143058161351,0.178705440901,0.916275797373,0.612570356473,
348,0.470603337612,
349,0.696105072464,0.915987318841,0.890625,0.890398550725,0.544157608696,
351,0.505691879585,0.44396660764,
352,0.0187196672059,0.892997457823,
353,0.784507993695,0.848907903625,0.687007430759,0.888313442918,0.95406439991,
354,0.612931603255,
355,0.855971896956,0.952459016393,0.763231850117,0.642388758782,
356,0.212502862377,0.971605220975,0.401648729105,0.562399816808,0.666361346462,0.684680558736,0.37394092054,0.954201969315,0.209068010076,0.4247767346,0.443782917335,0.955575910236,
357,0.693376068376,0.723290598291,0.798504273504,0.333760683761,0.826923076923,0.543162393162,
358,0.0369649805447,0.0369649805447,0.427799394725,
359,0.706242591861,0.0946266297906,0.848676412485,0.75128407744,0.978467009087,0.600948241802,0.807388384038,0.571513235875,0.558277360727,0.929474516002,0.819834057685,0.66001580403,0.239233504544,0.0574871592256,0.46305807981,0.431845120506,0.186882655077,0.446661398657,
360,0.278852720237,0.701343045755,0.791941725472,0.811745959481,0.303209651719,0.657409515138,0.70043250626,0.825631686774,
361,0.235714285714,0.526890756303,0.778361344538,0.650210084034,0.789285714286,0.864495798319,0.371638655462,0.532773109244,0.0443277310924,0.392016806723,0.813655462185,0.528781512605,0.669537815126,0.773529411765,0.953151260504,0.802100840336,0.00126050420168,0.312394957983,0.70987394958,0.645378151261,0.880462184874,
362,0.439330543933,0.272431427243,
363,0.757742601514,0.140169763707,0.523055746731,
364,0.361131080757,0.943206326384,0.795830337886,0.78888090103,0.090821950635,0.507788161994,0.597411933861,0.999760364246,
365,0.896907216495,0.849436585951,0.887556940782,0.349316710621,0.0321265883481,0.741069287941,
366,0.824898980181,0.784298633827,0.181643255724,0.408889744083,0.833750240523,0.613430825476,0.702520685011,0.345391572061,0.88570329036,0.17702520685,0.773715605157,0.339041754859,0.381758706946,0.750240523379,0.41177602463,0.0858187415817,0.553781027516,
367,0.809867087182,
368,0.473280721533,0.592559188275,0.452085682074,0.839458850056,0.104171364149,0.533032694476,0.622773393461,0.371364148816,0.147688838782,0.938444193912,0.117925591883,0.515896279594,
369,0.857712765957,0.0117464539007,0.612588652482,0.678413120567,
370,0.882635253054,0.494982547993,0.706369982548,
371,0.994887927645,0.928234368856,0.532638615808,0.839362957137,0.228863546992,0.604797483287,0.729650019662,0.620920173024,0.665945733386,0.991742036964,0.675186787259,0.10538733779,0.528902870625,
372,0.719286941581,
373,0.81774264383,0.192577953448,0.741765480896,0.199824330259,0.975406236276,0.396574440053,
376,0.927229020979,0.958916083916,0.0614073426573,0.00590034965035,0.914554195804,
377,0.931064196467,0.804179233089,0.738690219733,0.85200344679,0.951960361913,0.0700129254632,
378,0.195864828813,0.922409959982,0.0635838150289,0.640506891952,0.764117385505,
379,0.703607639708,0.587597264796,
380,0.809165232358,0.933734939759,0.799268502582,0.332831325301,0.948149741824,0.756454388985,0.82078313253,0.838640275387,0.340791738382,0.202022375215,0.519578313253,
381,0.0273315251408,0.631754642187,0.982474441894,0.535155435009,0.544961402045,0.763404965575,0.931149593157,0.406426037972,
382,0.57316280078,0.675699111207,0.584435291567,0.949490570128,0.913722089746,0.0682852807284,0.0461738564925,0.995014090613,0.051159765879,0.580750054195,0.811836115326,
383,0.802738638619,0.602698948204,0.607263345902,0.0623139511808,0.399880928756,0.710259972217,0.919825362175,0.170271879341,0.178408414368,0.0198452073824,0.635046636237,0.415558642588,0.846794999008,0.352450883112,
384,0.569474134245,0.768490808038,0.315305686191,0.159897392048,0.573108165883,0.54147071398,
386,0.702062975027,0.698805646037,0.616938110749,
387,0.0188019239178,0.0570616528203,0.619588981198,0.0564057717534,0.923699169217,0.42675994753,0.517708788806,0.969829470923,0.981416703105,0.0299519020551,
388,0.432766900628,0.907831547839,0.912449205763,0.715182859254,0.982083487255,0.5424824529,0.437384558552,0.995936461027,0.955855190248,0.062984854082,0.925563354267,0.377539711858,0.985962319911,0.281492427041,0.522349464352,0.765053564832,0.959734022904,0.678611008496,0.845770225342,0.778906538604,0.594200221648,
389,0.576816927323,0.938178472861,0.557313707452,0.565961361546,0.448022079117,0.995216191352,
390,0.973930348259,0.826865671642,0.728955223881,0.733532338308,0.843184079602,0.795621890547,0.816915422886,0.785472636816,0.769950248756,0.951641791045,0.459502487562,
391,0.964384142463,
392,0.807598039216,0.860702614379,0.809027777778,0.794526143791,
393,0.272321428571,0.844720496894,0.700116459627,0.774844720497,0.58850931677,0.630434782609,0.777173913043,0.304347826087,0.424107142857,0.578998447205,0.681288819876,0.805706521739,0.409549689441,0.736413043478,0.963703416149,0.292701863354,0.823369565217,0.91498447205,0.876940993789,0.91498447205,0.960986024845,0.890722049689,0.473796583851,0.845885093168,0.808035714286,0.767857142857,0.663625776398,0.988742236025,0.558423913043,
394,0.591680129241,0.782108239095,0.684773828756,0.305533117932,0.595718901454,0.0587641357027,0.684571890145,0.453756058158,0.908925686591,0.996365105008,0.573909531502,0.858239095315,0.636914378029,0.761914378029,0.802100161551,0.329765751212,
395,0.540114613181,0.710601719198,0.368604175194,0.503069995907,0.0759312320917,0.44474007368,0.0216946377405,0.7237003684,0.631395824806,0.954359394187,0.849160867786,0.596193205076,0.9111747851,0.728407695456,0.721858370856,0.89705280393,0.632828489562,0.920180106427,0.936144085141,0.965820712239,0.854686860418,0.722677036431,0.892550143266,0.89111747851,0.89111747851,0.731068358576,0.424068767908,0.629758493655,0.830536225952,0.842816209578,
396,0.397403685092,0.0106783919598,0.292085427136,0.636097152429,0.569304857621,0.829983249581,0.806742043551,
397,0.657956735918,0.64167916042,0.788819875776,0.948597130006,0.361533518955,0.696294709788,
398,0.415876777251,0.686808846761,0.533570300158,0.992496050553,0.359597156398,0.607227488152,0.924763033175,0.818127962085,0.91785150079,0.68522906793,0.34083728278,0.313981042654,0.90560821485,0.506319115324,0.54640600316,0.980252764613,0.948657187994,0.663309636651,0.726105845182,
399,0.93268209811,0.717137396475,0.643448715226,0.585686982374,0.424930983224,
400,0.898122758912,0.959291288758,0.484707867538,0.762497363425,0.68782957182,0.808479223792,
401,0.295732361141,0.606047608836,0.827149903496,0.892558438773,0.748659661162,
402,0.865468785994,0.928818244644,
403,0.436984417965,0.0167277726856,0.0291017415215,0.250916590284,0.322181484876,0.337076076994,0.483272227314,0.88061411549,
404,0.548167092924,0.893222506394,0.703324808184,0.382779198636,0.898976982097,0.255967604433,0.694373401535,0.0383631713555,0.786231884058,0.684569479966,0.748508098892,0.97378516624,
405,0.859110586383,0.699527744982,0.393742621015,0.883313656041,0.857536402991,0.964777646596,0.62062180244,0.631050767414,0.983864620228,0.749704840614,0.801259346714,0.665092483274,0.602715466352,0.134002361275,
406,0.830185079183,0.971188704446,0.853463079565,0.60293837054,0.966991032246,0.975195573364,0.21637092158,0.234878839916,0.846975767983,0.71322266743,0.74585002862,0.889906506392,0.677733257012,0.561724861668,0.542835336768,0.912421293646,0.599885518031,0.46117153215,0.639381797367,0.18908605228,0.429307384087,0.479679450487,0.112192329708,0.955161228773,0.698721618012,0.615722190422,0.629841633276,0.647586338485,0.916618965846,0.230108757871,0.688227437512,0.685365388285,
407,0.461806361737,0.748084513583,0.80798699791,
408,0.433114833697,0.0254916241806,0.879096868172,0.854576353484,0.293517844137,0.409808205875,0.320951687303,0.739257101238,0.743141539209,
409,0.472054380665,0.855236656596,0.574018126888,0.501762336354,0.438821752266,
411,0.0625415834997,0.610778443114,0.625637613662,0.849634065203,0.688400975826,0.867376358394,0.893989798181,0.0119760479042,0.966289642936,0.97005988024,0.961854069639,0.645375914837,0.988023952096,0.503215790641,
412,0.661774516344,0.558372248165,0.798532354903,0.489882143651,0.119635312431,0.421836780076,0.872581721147,0.851456526573,0.597064709807,0.855459195019,0.808983766956,
413,0.988914549654,0.381755196305,0.911547344111,0.38752886836,0.641339491917,
414,0.859102534294,0.86398511974,0.607300627761,0.725412694722,0.885142990002,0.957684259475,0.582655196466,0.651941408975,
415,0.301541623844,0.0795477903392,0.692908530319,0.958890030832,0.711819116136,0.832682425488,0.627132579651,0.745529290853,0.467625899281,0.64049331963,0.709558067831,0.76197327852,0.940390544707,0.907297019527,0.668242548818,0.766289825283,
416,0.774193548387,0.920215053763,0.349247311828,0.783870967742,
417,0.584438549956,0.912024756852,0.757515473033,0.483421750663,0.322060123784,0.402740937224,0.7283377542,0.95225464191,
418,0.668215417107,0.900527983105,0.943189017951,0.0270327349525,0.912354804646,0.681098204857,0.761351636748,0.736642027455,0.703907074974,0.514677930306,0.726293558606,0.93833157339,
419,0.563699469171,0.929971416905,0.64659044508,0.868926092283,0.90547162107,0.156186198448,0.687627603103,0.733156390363,0.966721110657,0.95100040833,0.698040016333,0.139036341364,0.819109840751,
420,0.529712886713,0.779212107723,0.851546850657,0.778321833964,0.81526819497,
421,0.913072928426,0.757958907203,0.879205238203,0.876044253782,
422,0.840809753853,0.165631469979,
423,0.621760548297,0.437352752195,0.875348040266,0.911972585136,0.372884986078,0.913900192761,0.966802313129,0.622403084172,
424,0.977942998761,0.840892193309,0.433209417596,0.894919454771,0.9385377943,0.777199504337,0.072614622057,
425,0.673142082674,0.574429636323,0.976507793088,
426,0.754183873071,0.199304499022,0.511193218865,0.780047815692,0.982395131493,0.0128232992828,0.217996087807,0.502716800696,0.594001304064,0.7726581178,0.484677244077,0.884807650511,0.557704846772,0.528363399261,0.924146924582,0.560095631384,
427,0.87976671153,0.559443696725,0.902646926873,0.837595334231,0.586585912965,0.369223867205,
428,0.0264455401165,0.559390407889,0.797624383684,0.962572837293,0.72209771403,0.832138054684,0.945316001793,0.11721201255,0.182653518602,0.155087404751,0.360600627521,0.0174809502465,0.488121918422,
429,0.917577413479,0.0555555555556,0.192850637523,0.894581056466,
430,0.826780253386,0.770423765837,0.821537789428,0.899301004806,0.861074705111,0.230886850153,0.123634775011,0.978156400175,0.083005679336,0.0366972477064,0.338138925295,
431,0.630142737196,0.46725440806,0.0316960537364,
432,0.766552755233,0.824006834686,
433,0.565280665281,0.0411642411642,
434,0.833876929767,0.656447053707,0.913242009132,0.0282670145684,0.897368993259,0.889323766036,0.982170036965,0.670580560992,0.53228962818,
435,0.449136276392,0.284069097889,0.996801023672,0.139475367882,0.816592023886,0.681595222862,0.808487950522,
436,0.911352329263,0.942786069652,
437,0.782375643225,0.0343053173242,0.319682675815,0.270154373928,0.122641509434,0.581903945111,
438,0.921469155844,0.773944805195,0.850852272727,0.84963474026,0.594967532468,0.637581168831,
439,0.597955351554,0.925725015648,0.991863133737,0.54224911329,
440,0.582920500118,0.781316348195,0.419910356216,0.032790752536,0.699221514508,0.824251002595,0.248407643312,0.895022410946,
441,0.204736961968,0.665224322478,0.861990434981,0.754042359371,0.886358460487,0.395809610567,0.81780915509,0.910271008882,0.580277841038,0.031427920747,0.922796629469,
442,0.390944710492,0.0579016107967,0.246626033957,0.603831084023,
443,0.0853927625772,0.689099735216,0.792586054722,0.633274492498,0.767431597529,
444,0.62441419326,0.230975228744,
445,0.858760683761,0.892735042735,0.697435897436,
446,0.501468736886,0.0253881661771,0.345992446496,
447,0.372522823425,0.854598085059,0.968158539301,0.238922289022,0.8361166778,0.0498775328435,0.132264529058,0.287018481407,0.376530839457,0.739256290358,0.0325094633712,0.158316633267,0.587397016255,
448,0.0378486055777,0.951084550686,0.603806994245,0.920982735724,
449,0.768624014023,0.692813321648,0.71472392638,0.970639789658,0.640227870289,0.54097283085,0.41717791411,0.127957931639,0.0444785276074,
450,0.979109516776,0.0179362734754,0.723781388479,0.529014560034,0.466765140325,0.811352606035,0.500527537455,0.770204684533,
451,0.988217967599,
452,0.411041465767,0.0320636451302,
453,0.807463369963,0.604624542125,0.895604395604,0.0192307692308,0.399267399267,
454,0.286502644286,0.8395033341,0.0381696941826,0.934467693723,0.451368130605,0.777420096574,
455,0.609303295786,0.801001251564,0.620775969962,0.915102211097,0.761994159366,0.242594910305,0.577805590321,0.583437630371,0.661243220693,0.646224447226,0.23258239466,0.770546516479,0.554234459741,0.756570713392,0.580308719232,0.983521068002,0.774718397997,
456,0.801803607214,0.227655310621,0.592184368737,0.92244488978,0.841883767535,0.607815631263,0.24749498998,
458,0.852490421456,0.864942528736,
459,0.998554913295,
460,0.382133995037,0.680126325288,0.730882021205,0.335664335664,0.400857207309,0.654635686894,0.00383487480262,0.242499436048,0.48928490864,0.0162418226934,0.545228964584,
461,0.0950422169301,0.497293786534,0.468499675254,
462,0.910155461337,0.0833838077933,0.6973551383,0.611346658591,0.967898243489,0.945891378962,0.548152634767,0.95376539471,0.516454673935,0.396931152837,0.78921865536,0.171411265899,0.71068039572,0.076317383404,0.687260246315,0.500504744599,0.38804764789,0.896628306077,0.842519685039,0.680799515445,0.7894205532,0.275186755502,0.775691500101,0.0557238037553,0.259236826166,0.564708257622,
463,0.56206973129,0.940039973351,0.499444814568,0.06084832334,
464,0.870265366296,0.361079609889,0.95055568156,
465,0.964820699047,0.233545165683,0.330685428961,0.386745347254,0.69950068089,
466,0.0255649395115,0.433462679753,0.684090390322,0.972837251769,0.971011184661,0.649851632047,
467,0.68420023465,0.731130230739,0.685764567853,0.182049276496,0.513296832225,0.77356276887,0.770043019163,0.882870551427,0.250488854126,0.0498631208447,0.264176769652,0.371724677356,
468,0.802103879027,0.0416392724085,
469,0.816279604507,0.851919981605,0.982294780409,0.910324212463,0.925730052886,0.925730052886,0.838353644516,0.763623821568,0.854219360773,
470,0.610344071883,0.237782160859,0.189349112426,0.520929213237,0.637957484111,
471,0.437374413932,0.503683858004,0.265461040411,
472,0.553045859001,0.535934291581,0.552589550536,0.940908053844,0.934063426877,0.483230663929,0.854893908282,
473,0.972209771403,0.104661586732,0.0291349170775,0.422904527118,0.489690721649,0.363065889736,
474,0.0125412541254,0.610561056106,0.818921892189,0.793619361936,0.0512651265127,0.927832783278,0.117271727173,0.55401540154,0.781078107811,0.788338833883,
475,0.0329254727475,0.636484983315,0.207341490545,0.258286985539,0.958398220245,0.189543937709,0.917686318131,0.300111234705,
476,0.37123015873,0.87123015873,0.930158730159,0.940277777778,0.648412698413,0.925595238095,0.16369047619,0.23869047619,0.552579365079,0.760317460317,0.80119047619,0.72996031746,0.983134920635,0.635912698413,0.948611111111,0.2375,0.255753968254,0.751984126984,0.625793650794,0.625793650794,0.878968253968,0.327182539683,0.893650793651,
478,0.57963568426,0.863615133115,
479,0.720096745822,0.883465259455,0.594107299912,0.729771328056,0.707563764292,0.590149516271,0.914907651715,
480,0.343197879859,0.455830388693,
482,0.0588905775076,0.787424012158,0.864551671733,0.501519756839,0.612841945289,0.187310030395,0.873100303951,0.593844984802,0.551291793313,0.643996960486,0.936930091185,0.973974164134,0.580357142857,0.0852963525836,0.831306990881,0.647226443769,0.644566869301,
483,0.878868258179,0.612290008842,0.788019451813,0.614942528736,0.845711759505,
484,0.192408951294,0.846423870118,0.2961825362,0.910925844669,0.308688021062,0.323168056165,0.141290039491,0.383501535761,0.587538394032,0.919701623519,
485,0.598398932622,0.707138092061,0.936179675339,0.759839893262,0.319768734712,0.707360462531,
486,0.287819479622,0.962928851025,0.784250518075,0.0476629058255,0.791158185586,0.274464655768,0.334561363113,0.681786783329,
487,0.563472922605,0.602937952203,0.934444200833,0.645033983775,0.873492655119,
488,0.500217770035,0.0106707317073,0.139808362369,0.717987804878,0.598432055749,0.635452961672,0.481707317073,0.597778745645,0.64612369338,0.865853658537,
493,0.873406396779,0.155446208902,0.864012525162,0.771863117871,0.836278237531,
494,0.483130904184,0.720197930724,0.405982905983,0.017094017094,0.625730994152,0.385290148448,
495,0.591294186386,0.654981010809,0.749926964651,
496,0.969387755102,
499,0.56488027366,0.0522234891676,0.0522234891676,0.307411630559,0.337058152794,0.572405929304,0.510148232611,0.996579247434,0.888255416192,0.976282782212,
500,0.836825679893,0.520954079358,0.978600089166,0.613464110566,0.750557289345,0.352875613018,0.205305394561,0.909496210432,0.525412394115,0.0303165403477,0.0421310744539,0.0818100757914,
501,0.602779003088,0.741729157477,0.40714600794,0.503087781209,0.0862373180415,0.977944419938,0.725187472431,0.714600794001,0.0405822673136,0.0405822673136,0.0405822673136,0.0405822673136,0.0405822673136,0.401411557124,0.0979267754742,0.682840758712,0.90361711513,0.640935156595,0.378032642258,0.513233348037,0.880679311866,0.0288928098809,0.734671371857,0.41795324217,0.761799735333,
502,0.639225746269,0.673740671642,0.366138059701,0.941697761194,0.407416044776,0.182835820896,
503,0.649344569288,0.650983146067,0.686797752809,
504,0.843984962406,0.0953007518797,0.73515037594,0.0945488721805,0.628571428571,0.965037593985,
505,0.598193656795,0.351816845201,0.701953371141,0.219281663516,0.93740810754,0.810333963453,0.0922075194287,
506,0.118632400184,0.528682882056,0.969940339605,0.97223497017,0.992198256081,
507,0.843071412581,0.240205954779,0.450638012089,0.966420416387,0.811058876203,0.529661965525,0.899261249161,0.8547123349,0.906872621446,0.0472352809492,0.978061338706,0.459144839937,0.907768077009,0.658383702709,0.673830311171,0.929930602194,0.637340496978,0.306021938661,0.683904186255,0.410790239534,
508,0.640672124084,0.562257647566,0.561611374408,0.912753123654,0.0646273158121,0.831538130116,0.175355450237,0.904351572598,
509,0.694836716681,0.508164165931,0.0198587819947,0.780008826125,0.411959399823,0.862091791703,0.0198587819947,
510,0.899115467368,0.72412144394,0.648099450155,
511,0.0589997695322,0.725051855266,
512,0.689087488241,
513,0.409236848605,0.970857001729,0.142010372932,0.840701407755,0.584094838232,0.91923931835,
514,0.722054380665,0.448388721047,
515,0.620222222222,0.728666666667,0.723333333333,0.705555555556,0.0313333333333,0.692444444444,
516,0.81641285956,0.544204737733,0.450296108291,0.560702199662,0.788494077834,0.938028764805,0.560490693739,
518,0.958628571429,0.0523428571429,0.818742857143,0.641828571429,0.6176,0.501714285714,0.820342857143,0.4208,0.0816,
519,0.336811068269,0.0805171240644,0.935813109549,0.431163529145,0.866409616693,0.924019051939,0.598321614879,0.422544794738,0.930596507144,0.102063960082,
520,0.746176720476,0.0991928632116,0.703695836873,
521,0.844534240749,0.736707783922,0.405146746066,0.569332199064,0.870055295619,0.583368779243,0.344534240749,0.327094853254,0.599744789451,0.882603147597,0.982560612505,0.243088047639,0.938749468311,0.0382815823054,0.332624415142,
522,0.755460385439,0.830620985011,0.867451820128,0.87408993576,0.766809421842,0.44625267666,0.50278372591,
523,0.178549027807,0.819569307966,0.453899226427,0.712732594606,0.492786953795,0.0620949195066,0.688061885846,
524,0.947453516572,0.820937752627,0.10064672595,0.79567502021,0.772029102668,0.918957154406,
525,0.907157894737,0.309263157895,
526,0.859927179268,0.351467123581,0.816020561148,0.422146069822,
527,0.669880034276,0.0092116538132,0.850042844901,
528,0.808610305599,
529,0.149729144095,0.907475622969,0.736078006501,0.681690140845,0.606283856988,0.593499458288,0.762513542795,0.901625135428,
531,0.626985954409,0.621459820401,
532,0.132337246531,0.174813233725,0.609605122732,
533,0.38288379639,0.791725816264,0.0486716690327,
534,0.564036478985,0.621530531324,0.117367168914,0.909199048374,0.53628072958,0.16435368755,0.394131641554,0.454004758128,0.817208564631,0.0305313243458,0.224425059477,0.673076923077,0.94726407613,0.419904837431,0.522006344171,0.725218080888,0.489888977002,0.760904044409,0.013084853291,0.889373513085,0.9006740682,0.815424266455,0.911379857256,0.967486122125,0.965900079302,0.0606661379857,0.0111022997621,0.626288659794,0.759516256939,0.677042030135,0.697660586836,0.821371927042,
535,0.131722689076,0.610084033613,0.515546218487,0.514075630252,0.658823529412,0.551260504202,0.802521008403,0.781932773109,0.418697478992,
536,0.317574306802,0.370436864153,0.992619190106,0.750249351686,0.696189906244,0.478755236385,0.892280071813,0.315579493317,0.615599441452,0.802912427688,0.895072810692,
537,0.697919102174,
538,0.847534651216,0.456259940923,
539,0.462367738071,0.805749650629,0.777201038131,0.950289478938,
540,0.847241539175,
541,0.682524271845,0.0915048543689,0.179854368932,0.295145631068,0.432038834951,0.804611650485,0.115533980583,0.254611650485,0.680339805825,
542,0.705482555505,0.836429542365,
543,0.366235534377,0.861356932153,0.504651690492,0.707283866576,0.822328114364,0.976628091672,0.915588835943,
544,0.840006963788,0.286037604457,0.840529247911,0.6875,0.969881615599,0.83356545961,0.736594707521,0.648502785515,0.966573816156,0.661037604457,0.0967966573816,0.757486072423,0.618558495822,0.756963788301,0.694463788301,0.761838440111,0.640668523677,0.696030640669,0.972318941504,0.859679665738,0.308321727019,0.773502785515,0.947423398329,0.783600278552,
545,0.344619365969,0.377614837179,0.671770541298,0.0646970023722,0.495579038171,0.867155488462,
546,0.339881706802,0.927334178285,0.818335445712,0.744402196874,0.805449936629,0.589987325729,0.587241233629,
547,0.666731631261,0.303254726174,0.978561683882,0.496784252582,0.0397583317092,
548,0.929794095758,
549,0.254512635379,0.231723826715,0.905460288809,
550,0.333851621502,0.593736117281,0.44002665482,0.110173256331,0.701688138605,0.424033762772,
551,0.904286410132,0.516317584023,0.214320506576,0.404773502192,0.674135411593,0.970774476376,0.375060886508,0.565513882124,0.778373112518,0.637603507063,0.748416950804,0.998051631758,0.101558694593,0.638334145153,0.750608865075,0.929858743302,
552,0.928450106157,0.720806794055,0.312738853503,0.532696390658,0.635031847134,0.389808917197,0.804883227176,0.46050955414,0.298089171975,0.212951167728,0.645859872611,0.78067940552,0.409129511677,0.756050955414,0.967940552017,0.423566878981,0.570276008493,
553,0.0386402027027,
554,0.451673561489,0.676382098533,
555,0.425625161124,0.660479505027,
556,0.811545933944,
557,0.979577297554,0.825932082641,
558,0.652423615897,
559,0.48389307745,0.475896732922,0.933744573909,0.871144619602,0.984007310944,0.0566598126571,
560,0.475317028986,0.890398550725,
561,0.400043744532,0.750656167979,
562,0.0694409626473,
563,0.931361730302,0.407856985213,0.560582652836,0.433458397705,
564,0.753970029076,0.880339968687,0.61373294565,0.864012525162,
565,0.0106518960375,0.663613123136,
566,0.603294304425,0.924191307799,0.590593371701,0.0172653304227,0.836078587021,
567,0.827487609607,0.956157072055,0.730080060999,0.624285169653,0.982272207396,
568,0.625286916603,0.665263963275,
569,0.637999122422,
571,0.688474256023,0.816013226264,
573,0.958218232044,0.455455801105,0.0431629834254,0.746892265193,0.896063535912,0.651761049724,0.33304558011,
574,0.889041904387,0.696045642337,
575,0.764615045224,
576,0.41217750258,0.156656346749,0.940144478844,0.81382868937,0.863157894737,0.659442724458,0.696181630547,0.508152734778,0.977708978328,0.977708978328,0.974200206398,0.984726522188,0.376057791538,0.88689370485,0.765325077399,0.806811145511,
578,0.49043062201,0.584928229665,
579,0.78671679198,0.00350877192982,0.890726817043,0.974937343358,0.0441102756892,
580,0.660265203475,0.980795610425,0.388888888889,0.112482853224,
581,0.584046242775,0.738034682081,0.197456647399,0.0806936416185,0.601387283237,
582,0.543910026322,0.622636994496,0.0320650873415,0.346255084949,0.0124431682221,0.506580521656,
583,0.354961832061,0.03125,0.0546278625954,0.0675095419847,0.012643129771,0.280057251908,
584,0.64031817052,0.817549092717,0.430773054934,0.0499627143922,0.867511807109,
585,0.477643125784,0.142707898036,0.107605516089,0.671959882992,0.634559130798,0.441078144588,0.518804847472,0.013999164229,0.152319264522,0.242791475136,0.95988299206,0.388424571667,0.468658587547,0.584412870873,0.615127455077,0.775595486837,0.812160468032,0.295653990807,
586,0.876532587653,0.699935469994,0.226070122607,0.651107765111,0.651968165197,0.892449989245,0.920843192084,0.756721875672,0.451925145193,0.873521187352,0.951172295117,0.439019143902,
587,0.386446493674,0.785116877547,0.501179498177,0.845164057474,0.684752305383,0.588676817499,0.786618057045,0.573450568304,0.615912502681,0.519837014797,0.818357280721,0.554793051683,0.547287154193,0.908642504825,0.238044177568,0.586746729573,0.219386660948,
588,0.966714024762,0.848589405318,0.441648061701,0.903389486503,0.00385630200934,0.627968337731,0.786482646641,0.946214735133,0.407753196671,0.826263446316,0.113253501116,
590,0.855985181755,0.89349386432,
591,0.528556149733,0.921497326203,0.732834224599,0.32385026738,0.987165775401,0.79550802139,0.870588235294,0.894331550802,0.382032085561,0.534545454545,0.500748663102,0.607058823529,0.854331550802,
592,0.76335174954,0.117633517495,0.107274401473,0.527854511971,
593,0.592794501067,0.469305522636,
595,0.426347845703,0.034965034965,
596,0.0232955759778,0.608249625988,0.689249839709,0.63325496901,0.582603120325,0.901260953195,0.686471468262,0.714896345373,0.606112417183,0.964094892071,0.795041675572,0.667877751656,0.911733276341,0.381064329985,0.599273349006,0.612096601838,0.382774097029,0.322291087839,0.275486215003,
597,0.225987432675,0.785682226212,0.314407540395,0.804757630162,0.787028725314,0.427513464991,0.882181328546,0.320466786355,
598,0.744923008257,0.532916759652,
599,0.692465285682,0.0236740268609,0.672888686547,0.696562713408,0.378329160027,0.472569997724,0.337582517642,0.729569770089,0.549738219895,0.632597313908,0.671067607557,
600,0.780427787242,0.937156918418,0.66874881696,0.617452205186,0.448230172251,
601,0.695539906103,0.884741784038,0.993427230047,
603,0.0543531726513,0.256517461879,
605,0.493970620478,0.766498574874,0.126068844552,0.449243586933,0.359789519842,0.423372067529,0.704231528174,0.154790616093,0.351238763429,0.917123437843,0.582109186582,0.931155448367,0.675509756632,0.965577724183,0.0609515457137,
607,0.922246750061,0.60191317145,
608,0.751787773933,
610,0.0360517155644,
611,0.0668307459296,0.631957591821,0.689132904203,0.940174176448,0.956834532374,0.950965543355,0.665278303673,0.419159409315,
612,0.93806614704,0.517379397514,0.37665894249,0.0318095639351,0.953233621234,0.490625658311,0.975774173162,0.802822835475,0.788497998736,0.963977248789,
614,0.114395577986,0.502283105023,
616,0.83972853041,
617,0.70701754386,0.977631578947,0.398464912281,
618,0.280104712042,0.286431064572,
619,0.513749161636,0.863626201654,0.413816230718,0.852224457858,0.904761904762,0.939861390566,
622,0.937411764706,0.515294117647,0.579294117647,0.899764705882,
623,0.347951914515,
624,0.664150943396,
625,0.682186655581,0.701725213053,0.660985242153,0.89482436084,0.905009353565,0.47703180212,
626,0.467283950617,
627,0.193277310924,0.0813081989553,0.163070633659,
628,0.935734934401,0.0891705581499,0.226150767178,0.675116744496,0.84678674672,0.845897264843,0.619524127196,0.38158772515,0.411385368023,0.429619746498,
629,0.472884525479,0.760869565217,0.879850397382,0.958625525947,
630,0.0292037417294,
631,0.864015394484,0.547145606158,0.849689972204,0.125721616421,0.274748770579,0.627325208467,
632,0.889138240575,0.609066427289,0.673922800718,0.859290843806,
633,0.0971159505592,0.557582891897,0.185795566019,0.602707474985,0.943888561899,0.401804983324,0.72160094173,0.946046694134,0.781440062782,0.7418089072,0.828722778105,0.951343927801,
634,0.85954045954,0.414985014985,0.929470529471,0.0411588411588,0.617582417582,0.126473526474,0.67992007992,0.709090909091,0.873526473526,0.556243756244,0.797602397602,0.584815184815,0.697102897103,0.53026973027,
635,0.557955865273,0.951219512195,0.80162601626,0.443205574913,0.29756097561,
636,0.217410134257,0.80900822867,0.134906886098,
637,0.517841011743,0.713414634146,
638,0.787705503931,0.0283535858947,0.0111984751013,0.64879675959,
639,0.0765475493068,0.351103300137,0.644795938293,0.0169888693615,0.861745752783,0.649677797305,0.726420620972,0.59031439172,0.705721538762,0.502831478227,0.372583479789,0.939074399531,0.631712556141,0.827572739699,0.794766647139,0.489162272994,0.771333723882,0.929310681508,0.705135715681,0.783440734232,0.683264987307,0.743409490334,0.662761179457,0.503612575669,0.722319859402,0.371021284905,0.690685413005,
640,0.381603773585,0.249764150943,0.360141509434,0.694103773585,0.32570754717,0.985377358491,0.814386792453,0.787264150943,0.0384433962264,
643,0.800441826215,0.480117820324,0.732204221895,0.715267550319,
644,0.877681518152,0.566419141914,0.342821782178,0.976897689769,0.146245874587,0.244224422442,0.149339933993,0.395214521452,0.943894389439,0.71204620462,0.980816831683,0.705858085809,0.68048679868,0.395214521452,0.864892739274,0.663985148515,0.72050330033,0.535684818482,0.949876237624,0.250618811881,
645,0.901711378353,0.65980573543,0.373959296947,0.617483811286,0.799028677151,
646,0.018030200586,0.57876943881,0.727969348659,
647,0.356509566029,0.0244983667755,0.682454503033,0.628324778348,0.97830144657,
648,0.903913756738,0.820717131474,0.47222873213,0.844152800562,0.784391844387,0.995312866182,0.897351769393,0.0438247011952,
649,0.300980157781,0.63351661487,
651,0.491480996068,0.564657055483,0.368938401048,0.980777632154,0.115115771079,0.132153778943,0.446483180428,0.921581476627,0.640235910878,
652,0.0429490124024,
653,0.703727369542,0.684345047923,0.670500532481,0.948668796592,0.897337593184,0.894355697551,0.740362087327,0.654100106496,0.816826411076,0.695846645367,0.00319488817891,0.840042598509,0.558679446219,0.497550585729,0.370394036209,0.517571884984,0.524174653887,0.668370607029,0.610862619808,0.516719914803,0.258572949947,0.438125665602,0.37933972311,0.656656017039,0.058785942492,
654,0.563700509604,0.455115640925,0.510192081537,0.784398275186,0.871618972952,0.227557820463,0.988827910623,0.941591532732,0.966287730302,0.800666405331,0.564680517444,0.724225793806,0.792434339475,0.421991375931,0.544100352803,0.983339866719,0.388671109369,0.892787142297,
655,0.543068783069,0.771851851852,0.562328042328,0.462010582011,0.806137566138,0.639153439153,0.675978835979,0.525925925926,0.979047619048,0.821375661376,0.676402116402,0.742645502646,0.718306878307,0.760634920635,0.163597883598,0.98962962963,0.657989417989,0.985608465608,0.854391534392,0.959153439153,0.90708994709,0.873015873016,0.441693121693,
656,0.972216462783,0.674476466929,0.984034833091,0.101596516691,0.896952104499,0.646900269542,0.471490773378,0.672817748289,
657,0.960610200364,0.755236794171,0.744535519126,
658,0.0168615107914,0.373201438849,0.897931654676,0.868255395683,0.944244604317,0.930080935252,0.785521582734,
659,0.859623733719,
660,0.539041595719,0.412794940404,0.887375334468,0.604962296278,0.737046947215,0.254925808806,
661,0.446033519553,0.717318435754,0.724245810056,
662,0.6014445174,0.731232217115,0.767564018385,0.998249069818,0.883344276647,
665,0.874788851351,0.0124577702703,0.738175675676,0.795819256757,0.769847972973,0.270692567568,0.66089527027,0.909628378378,
667,0.552271483306,0.48056923919,0.974001094691,0.113847837986,0.68253968254,0.695949644226,0.901204159825,
670,0.209948320413,0.969207579673,0.383290267011,0.718130921619,
671,0.87785264073,0.89132797218,0.725494457727,0.486850684634,0.513149315366,0.452292979787,0.863942621169,0.832645077157,0.832645077157,0.540752010433,0.540752010433,0.325581395349,0.800695500978,0.72831993045,0.904585959574,0.520539013258,0.574657683112,0.432949358835,0.432949358835,0.671158443817,0.0234731580091,0.486415996522,0.323190610737,0.851988698109,0.86937622256,0.564007824386,0.992827646164,
672,0.757854242359,0.696943791408,0.0491558025219,0.583030562086,0.412695020303,0.164351357128,0.553964522334,0.512930113272,0.895490489421,0.570421030135,0.640094037187,0.878820260739,0.196195768327,0.432784783073,0.853601196837,0.235947852105,
673,0.734570391287,0.80153287616,0.728922952804,0.319281968536,0.559701492537,0.819281968536,0.459257765228,0.961476401775,0.755344897136,0.673457039129,0.847115772489,
674,0.227186910006,0.892804698972,0.981959303545,0.739249003566,0.696664568911,0.563876651982,0.924900356618,0.281518774911,0.685336689742,0.581917348437,
675,0.407991360691,0.907559395248,0.0360691144708,0.0360691144708,0.0306695464363,
676,0.164320597529,0.771042803792,0.771042803792,0.688690989179,0.723642631428,0.311404768745,0.311404768745,0.338121229532,0.267930671263,0.344153978742,0.647515081873,0.759839126688,0.388489897539,0.720769893709,0.241118452552,0.734463276836,0.522838264866,0.191420090012,0.201761945801,0.0102460978646,0.28813559322,0.746720291104,0.688403715407,0.395192952217,0.73408024514,0.704682562482,0.702863161927,0.728334769702,0.626735612372,0.253662740592,0.103418557886,0.207411663315,0.565450541032,0.737527530403,0.677295796227,0.613329503016,0.701522550991,0.728430527626,0.018002489706,0.844680647324,0.67375275304,0.958536818922,0.702863161927,0.0490280570717,0.662932107632,0.503973953845,0.74107057359,0.199942545246,0.634396246289,0.731686297041,0.697692234032,0.12573015417,0.725270516135,0.887675955185,0.195058891123,0.678540649239,0.711577133008,0.423345781863,0.731207507421,0.310542947429,0.243608158575,0.920903954802,0.827731494781,0.604136742315,0.737336014555,0.358421909413,0.294838647898,0.68725462032,0.318682370966,0.383797759265,0.284784065881,0.346069137221,0.132528966772,0.777075553002,0.533658910275,0.712821986019,0.701235277219,0.713300775639,0.705065594178,0.734271760988,0.711577133008,0.712917743943,0.711098343388,0.358996456957,0.721918988796,0.303169587283,0.872641961122,0.425452456191,0.702863161927,0.618117399215,0.72996265441,0.731973570813,0.872546203198,0.325576941492,0.775639184142,0.636311404769,0.489035717706,0.43292157426,0.949344058221,0.770564014172,0.0446231925692,0.268600976731,0.852341281241,0.549650483578,0.2157426027,0.2157426027,0.721057167481,0.719908072393,0.732452360433,0.61390405056,0.711002585464,0.269271282199,0.176577611797,0.678732165087,0.351814612659,0.682658239969,0.522550991095,0.305659293307,0.233553576558,0.0833093938523,0.729388106866,0.521497653931,0.754955472565,0.530690414632,0.478119314373,0.308436273102,0.699415876664,0.67978550225,0.349707938332,0.2876568036,0.722302020492,0.581729388107,0.708800153213,0.759456094992,0.720099588241,0.221009288519,0.737048740783,0.851479459925,0.887771713109,0.334482428421,0.74806090204,0.14986115101,0.796227137796,0.721823230872,0.725079000287,0.728717801398,0.125347122474,0.368284975582,0.635832615149,0.424207603179,0.671358804941,0.13272048262,0.439624628938,0.25940821603,0.763860959494,0.743560279613,0.430623384085,
687,0.995290087776,0.693855705416,0.974737743524,0.974523656605,0.0145579105117,0.780560907729,0.860415328623,0.562192250054,0.371012631128,0.144294583601,0.806037251124,0.541639905802,0.912224363091,
688,0.509974184464,0.950481107721,0.913869983572,
689,0.745656706046,0.961779013204,0.370859393097,0.641186008802,0.281677090572,0.112346536947,0.644660643966,0.563354181144,
690,0.902059496568,0.166132723112,0.297711670481,0.299771167048,0.814645308924,
691,0.587453358209,0.414878731343,0.585121268657,
692,0.436582381729,
693,0.869243768483,0.903041825095,
694,0.654664855072,0.37205615942,0.866168478261,0.907608695652,0.588541666667,0.526494565217,0.0747282608696,0.864809782609,
695,0.504502424382,0.546063264835,0.946432694528,0.0891249134149,0.506349572847,0.176633571923,0.0260909720619,0.653890556453,0.543523435696,
696,0.4699669967,0.155115511551,0.556215621562,
697,0.425017119379,0.587537091988,0.117096553298,0.966217758503,0.883359963479,0.82698014152,0.411321616069,
698,0.249072254966,0.306919886488,0.514734774067,0.573018991487,0.770574110456,0.437677363021,
699,0.488874201366,0.426525666446,0.278916060806,0.278916060806,
702,0.795137420719,0.862367864693,
703,0.605533958381,0.257717813858,0.959067002058,0.706380059456,0.128287217013,0.769494626115,0.0166933455294,
704,0.521717911176,
705,0.0367647058824,0.68137254902,0.603431372549,
706,0.786166708893,0.185457309349,0.684317202939,0.565746136306,0.6734228528,
707,0.0134749935216,
710,0.837471783296,0.279232505643,
711,0.295460309409,0.405275171189,0.403246259194,0.415926959168,0.386000507228,
713,0.987974683544,0.549156118143,0.182700421941,
715,0.547516443638,0.329779995464,0.948968019959,0.80018144704,0.595826718077,0.880471762304,0.820367430256,0.855522794284,
716,0.711432506887,0.379476584022,0.664830119376,0.758494031221,0.0133149678604,0.181588613407,
717,0.634182277415,0.943169858977,0.0730372553147,0.415912439486,0.971163965481,
718,0.456699517719,0.469071084085,0.636611448941,
719,0.477385847219,0.759143042631,0.642718026401,0.278294741398,0.913005842891,0.149534732742,0.796364423285,0.885955420905,0.764553127029,0.853278511145,0.994589915603,
720,0.789431384368,0.471368294153,0.930480208961,0.829013461925,0.600763512156,0.897327707454,0.602370906168,0.324894514768,0.136427566807,0.323688969259,0.745629897529,0.767530640948,0.575246132208,0.806710870002,0.930078360458,0.0646976090014,0.764315852923,0.726140245128,0.396624472574,
721,0.70100832968,0.823980710215,0.672950460324,0.520385795704,0.158921525647,0.492327926348,0.598202542744,
722,0.478725678854,0.717767799872,0.597819114817,0.22706863374,0.878768441309,0.583707504811,0.486636732948,
723,0.701358457493,0.655565293602,0.915205959684,0.973049956179,0.398992112182,0.419149868536,0.825591586328,0.864592462752,0.632340052585,0.511174408414,
724,0.155823107201,
725,0.918596652144,0.720247649622,
726,0.517717441325,
727,0.791382667965,
728,0.0231941683234,0.708416169649,0.593549812238,0.0154627788823,0.487519328474,0.797216699801,0.0291583830351,0.622487298432,0.903468080406,0.782637508284,0.783079301966,0.53191959355,0.752374641043,0.788159929313,
729,0.897190426639,0.503225806452,0.99250780437,0.206243496358,0.680957336108,0.767950052029,0.510093652445,0.994797086368,0.22767950052,0.661394380853,0.78064516129,0.936108220604,0.576482830385,0.653485952133,0.422476586889,0.319667013528,
730,0.260181472885,0.925089681367,0.505169867061,0.478792994303,0.497362312724,0.414222409791,0.0411479215024,0.691074066259,0.998100865161,
732,0.565696855936,
753,0.238172920065,0.843665035345,
754,0.270289017341,0.0152601156069,0.371560693642,0.403699421965,0.868901734104,0.967167630058,0.68161849711,
756,0.0592967133992,
757,0.326646911329,0.868247093686,
758,0.0668680765358,0.890835850957,0.408056394763,0.547633434038,0.993554884189,0.495266868077,0.961530715005,0.534944612286,0.92527693857,0.968982880161,
759,0.961923847695,0.600089067023,0.645067913605,0.490536628813,0.82943665108,0.924961033177,0.947673124026,0.984858606101,
760,0.395273401297,0.828081556997,0.914967562558,
761,0.785030291186,0.785030291186,0.329489935509,0.508110220833,0.521399257377,0.44440101622,0.913034981434,
763,0.315276048153,0.52801992528,0.19198837692,0.35699460357,0.793067662931,0.649439601494,
797,0.174327220767,0.304120028578,0.327935222672,0.0609668968802,0.0440581090736,
802,0.444656893988,0.395793499044,0.580412152114,0.323135755258,
803,0.524601524602,0.0556710556711,0.298221298221,
804,0.99888168195,0.834265265041,0.947215388056,0.180496533214,0.651084768508,
805,0.654419951013,0.953462480517,
806,0.755654101996,0.989800443459,0.626164079823,0.361640798226,0.452993348115,0.871618625277,0.99866962306,
807,0.649087221095,
809,0.30049382716,0.108148148148,
811,0.517414181909,0.7742420446,0.172638436482,0.188423953896,0.229265848158,0.350288148334,0.478576797795,0.522425457279,0.676271611125,0.261588574292,0.727136056126,
812,0.784848484848,
813,0.7666894509,0.00615174299385,0.473684210526,
815,0.796077045414,0.224244566178,0.499734935501,0.586499381516,0.863050008835,0.630323378689,0.881604523767,0.836190139601,0.505919773812,0.745184661601,0.518819579431,0.780880014137,0.781233433469,0.687577310479,0.940625552218,
816,0.399755501222,
817,0.796698022653,0.796698022653,0.145517373776,0.917450566328,0.980034555577,0.770205413707,0.494912651181,0.330005759263,0.401804569015,
819,0.858630952381,0.39880952381,0.999362244898,0.925382653061,0.605017006803,0.594600340136,0.71237244898,0.705357142857,0.636479591837,0.727253401361,0.344600340136,0.316113945578,
820,0.726995734308,0.841153768028,0.0227503554743,0.964046313224,0.812309567337,0.79362177534,0.264879138737,0.659963436929,0.56469632338,0.384318504977,
821,0.386413762682,0.241508601676,0.68570798412,0.0959417732686,0.248345831495,0.923687692986,0.408469342744,0.416850463167,0.728936921041,
822,0.94647256439,0.789697648376,0.741769316909,0.402015677492,0.95274356103,0.563493840985,
823,0.488086642599,0.788628158845,0.68880866426,0.75036101083,0.786823104693,0.758483754513,0.769314079422,0.103249097473,0.863537906137,0.271299638989,0.793862815884,0.68916967509,
824,0.777894736842,0.433684210526,0.480210526316,0.557684210526,0.714526315789,0.119578947368,0.836,0.0351578947368,0.419157894737,0.757473684211,0.279157894737,0.579789473684,0.826105263158,0.791789473684,0.251157894737,
825,0.0694613697295,0.949792834511,
826,0.857082630691,0.557124789207,0.805227655987,
827,0.57578455375,0.571333184954,0.523703538838,0.735366125083,0.818829290007,0.498775873581,
828,0.836786060019,0.202516940949,0.90087124879,0.848789932236,0.358567279768,0.882671829622,0.480154888674,0.0497579864472,0.282865440465,0.553727008712,0.217037754114,0.2,0.422071636012,0.813552758955,
829,0.978654853,0.862867498993,0.626258558196,0.0382601691502,0.957108336689,0.716673378977,0.761377366089,0.142569472412,0.990938380991,0.684655658478,0.51993556182,0.69271043093,0.852396294805,0.957511075312,
830,0.807887199824,0.95527649262,0.494161709628,0.742454285085,0.248292575457,0.473231989425,0.997356245869,0.714474553866,0.66997135933,0.329808327826,0.316148931483,0.735183961225,0.910773298083,0.855034148491,0.0436219431593,0.0757876184182,0.67569949328,0.788940295219,0.395461555409,0.723287067636,0.876184181538,
832,0.406149268535,
833,0.525753158406,
835,0.971758664955,
837,0.852173913043,0.812845849802,0.603754940711,0.508695652174,0.488735177866,0.475098814229,0.921146245059,0.93418972332,0.339328063241,0.496640316206,0.897826086957,0.651383399209,0.520750988142,0.847035573123,0.533399209486,0.481422924901,
839,0.419004346108,0.83405768471,
842,0.129437706725,
843,0.306171754887,
846,0.849272116461,0.242777155655,0.30078387458,
847,0.91951938336,
