6,0.680597014925,
64,0.11992786294,
138,0.486160397445,0.982256919801,0.799858055358,
154,0.433608402101,0.635408852213,0.865716429107,0.307576894224,0.924981245311,0.871717929482,0.111027756939,0.634658664666,
155,0.904634581105,0.625668449198,0.281639928699,0.781639928699,0.781639928699,0.938502673797,
156,0.152854511971,
157,0.680722891566,0.89984939759,
158,0.375801282051,0.855769230769,0.216346153846,0.181891025641,0.884615384615,0.769230769231,0.733974358974,0.66266025641,
159,0.863024544735,0.241488519398,0.996832937451,0.306413301663,0.613618368963,0.89152810768,0.209026128266,
187,0.718914185639,0.0140105078809,0.0674255691769,0.57180385289,
189,0.0355902777778,
196,0.133169934641,
197,0.533773861968,0.956681350954,0.422907488987,0.386196769457,0.972834067548,0.561674008811,0.969162995595,0.654919236417,0.613069016153,0.6953010279,0.701174743025,0.710719530103,
198,0.826889279438,0.812829525483,0.530755711775,0.73374340949,
199,0.941395348837,0.799069767442,
201,0.946626384693,0.748237663646,0.785498489426,0.540785498489,0.422960725076,
202,0.29188712522,0.175485008818,
203,0.926418439716,0.14804964539,0.818262411348,
204,0.752747252747,0.833333333333,
205,0.514450867052,0.900082576383,0.759702725021,0.809248554913,0.215524360033,0.747316267547,0.2617671346,0.705202312139,0.434351775392,0.522708505367,
206,0.571193415638,0.720164609053,0.497942386831,0.511934156379,0.0353909465021,0.490534979424,0.474897119342,0.83950617284,
219,0.847335140018,
226,0.550966608084,0.633567662566,0.699472759227,
227,0.64406779661,0.818019625335,
229,0.377532228361,
230,0.289808917197,0.512738853503,0.40525477707,0.182324840764,0.0421974522293,0.476910828025,0.457802547771,0.501592356688,0.983280254777,0.518312101911,0.771496815287,0.826433121019,0.363853503185,0.733280254777,0.739649681529,0.916401273885,0.96178343949,0.394904458599,0.955414012739,0.574044585987,0.99601910828,0.761146496815,0.978503184713,0.785828025478,0.976910828025,0.255573248408,0.414808917197,0.414808917197,0.417993630573,0.625796178344,0.498407643312,0.683121019108,0.261146496815,0.261146496815,0.261146496815,0.261146496815,0.535828025478,0.269904458599,0.802547770701,0.915605095541,0.981687898089,0.65923566879,0.991242038217,0.952229299363,0.672770700637,0.996815286624,
231,0.989690721649,0.298176050753,0.383029341792,0.958762886598,0.635210150674,0.0777160983347,0.471054718477,0.731165741475,0.817605075337,0.828707375099,0.809674861221,
232,0.958684009181,0.826319816373,0.793420045907,0.807957153787,0.648814078041,0.726090283091,0.652639632747,0.666411629686,0.109410864575,0.931140015302,
233,0.541038525963,
234,0.668825910931,0.0931174089069,0.965991902834,0.983805668016,0.915789473684,0.0890688259109,0.881781376518,0.612145748988,
235,0.998231653404,0.841732979664,0.548187444739,0.985853227233,0.432360742706,
236,0.899193548387,0.0241935483871,0.468548387097,0.612096774194,
237,0.851549755302,0.700652528548,0.747145187602,0.390701468189,0.891517128874,0.940456769984,0.820554649266,0.0546492659054,0.372756933116,0.221044045677,0.836867862969,0.159053833605,0.823001631321,
239,0.785981308411,0.527102803738,
240,0.965207631874,
241,0.303001876173,0.0487804878049,
242,0.620860927152,
243,0.772435897436,0.778044871795,0.521634615385,0.370993589744,0.913461538462,0.0128205128205,0.572115384615,0.949519230769,0.419871794872,0.505608974359,0.737179487179,0.918269230769,0.604166666667,0.580128205128,0.819711538462,0.360576923077,0.75,
244,0.272,0.686222222222,0.841777777778,0.625777777778,
245,0.333602584814,0.827948303716,0.980613893376,0.524232633279,0.459612277868,0.829563812601,0.935379644588,0.135702746365,0.903069466882,0.680936995153,0.933764135703,0.549273021002,0.638126009693,0.727786752827,0.359450726979,
246,0.0865998176846,0.843208751139,0.0583409298086,
247,0.323062558357,0.429505135387,0.0233426704015,0.0494864612512,0.681605975724,
248,0.0397082658023,0.79659643436,0.795786061588,0.602917341977,0.962722852512,0.840356564019,0.784440842788,0.784440842788,
249,0.118466898955,0.647212543554,0.422473867596,0.84756097561,0.533101045296,0.302264808362,0.101916376307,0.52787456446,0.798780487805,0.317073170732,
250,0.602831594635,0.42697466468,0.79433681073,0.118479880775,0.599850968703,0.385245901639,0.822652757079,0.838301043219,0.0871833084948,0.779433681073,0.991058122206,0.909090909091,0.611773472429,0.319672131148,0.956035767511,0.95827123696,0.766020864382,0.791356184799,0.333830104322,
251,0.133797370456,0.0835266821346,0.433874709977,0.546790409899,0.6875483372,0.738592420727,
253,0.745730550285,0.719165085389,
254,0.898701298701,0.897835497835,
256,0.123004694836,0.993427230047,0.90985915493,0.220657276995,0.96338028169,0.985915492958,
257,0.639751552795,0.792369121562,0.628216503993,
258,0.818018018018,0.818018018018,
259,0.974729241877,0.203971119134,0.203971119134,0.175090252708,0.301444043321,0.301444043321,0.640794223827,
260,0.829209896249,0.58419792498,0.859537110934,
261,0.87853577371,0.600665557404,
262,0.827464788732,0.716197183099,0.640845070423,0.389436619718,
263,0.150684931507,0.329623287671,0.608732876712,0.48801369863,0.730308219178,0.302226027397,0.96404109589,
264,0.177121771218,
265,0.0758620689655,0.388177339901,
266,0.731762917933,0.455167173252,
267,0.712433257056,0.912280701754,0.476735316552,0.906178489703,0.326468344775,0.335621662853,0.686498855835,0.926010678871,
268,0.585365853659,0.549825783972,0.705923344948,0.513588850174,0.706620209059,0.831358885017,0.899651567944,0.588153310105,0.607665505226,0.755400696864,
269,0.420118343195,0.134404057481,0.318681318681,0.895181741336,0.617920540997,
271,0.601265822785,0.791139240506,
272,0.00914913083257,0.450137236962,
273,0.807660283097,0.945045795171,0.21315570358,0.438800999167,0.732722731057,
274,0.987933634992,0.987933634992,0.335595776772,0.70060331825,0.235294117647,0.374057315234,0.779788838612,0.394419306184,0.394419306184,0.153092006033,0.153092006033,0.984162895928,0.571644042232,0.571644042232,0.571644042232,0.571644042232,0.965309200603,0.898944193062,0.915535444947,0.981900452489,0.84766214178,
275,0.893789378938,0.330333033303,0.613861386139,0.101710171017,0.822682268227,0.719171917192,0.538253825383,0.824482448245,0.790279027903,0.733573357336,0.449144914491,0.708370837084,0.461746174617,0.204320432043,0.59495949595,0.35103510351,0.915391539154,0.035103510351,
276,0.163461538462,0.0681818181818,0.585664335664,
277,0.479566305254,0.886572143453,0.855713094245,0.829858215179,0.620517097581,0.604670558799,0.363636363636,
278,0.3125,0.536666666667,0.755,0.824166666667,0.970833333333,0.983333333333,
279,0.834985835694,0.251416430595,0.398016997167,0.548158640227,0.801699716714,0.979461756374,0.922804532578,0.194759206799,0.987960339943,0.526203966006,0.829320113314,0.916430594901,0.271246458924,
280,0.493312352478,0.963808025177,0.423288749017,0.423288749017,0.165224232887,0.165224232887,
281,0.800995024876,0.606135986733,0.778606965174,0.688225538972,0.0373134328358,0.907131011609,0.112769485904,0.112769485904,
282,0.450813871196,0.511677282378,0.964614295824,0.59872611465,0.736730360934,0.500353857042,0.753715498938,0.0615711252654,0.920736022647,0.716206652512,0.508846426044,0.968152866242,
283,0.567607726597,0.190193164933,0.782317979198,0.453194650817,0.51485884101,0.51485884101,0.875928677563,0.875928677563,0.68573551263,0.417533432392,0.88632986627,0.463595839525,0.835066864785,0.930906389302,0.320208023774,0.320208023774,0.320208023774,0.320208023774,0.320208023774,0.896731054978,0.829866270431,0.827637444279,
284,0.952589350839,0.918307804522,0.785557986871,0.339897884756,0.329686360321,0.713347921225,0.296134208607,0.751276440554,0.185995623632,0.754923413567,0.878920495988,0.813274981765,
285,0.650592885375,0.636363636364,0.64347826087,0.924901185771,0.784980237154,0.678260869565,0.678260869565,0.539920948617,0.285375494071,0.875889328063,0.519367588933,0.00632411067194,0.252173913043,
286,0.390566037736,0.0830188679245,0.266981132075,0.71320754717,0.741509433962,0.158490566038,0.459433962264,0.503773584906,0.0754716981132,
287,0.221333333333,0.774222222222,0.0275555555556,0.800888888889,0.921777777778,0.0853333333333,0.837333333333,
288,0.839793281654,0.807924203273,0.65202411714,
289,0.463815789474,0.201480263158,0.348684210526,0.164473684211,0.0945723684211,0.731085526316,0.731085526316,0.808388157895,0.0847039473684,0.451480263158,0.972039473684,0.141447368421,0.782894736842,0.675164473684,
290,0.449228269699,0.789601949634,0.689683184403,0.730300568643,0.755483346872,0.723801787165,0.470349309504,0.991876523152,
291,0.988399071926,0.973704563032,0.91724671307,0.712296983759,0.0989945862336,0.62180974478,0.507347254447,0.691415313225,0.290023201856,0.606341840681,0.819798917247,0.834493426141,0.731631863882,0.469450889404,
292,0.855215827338,
293,0.774781919112,0.856463124504,0.971451229183,0.82394924663,1.0,0.785091197462,0.626486915147,0.712133227597,
294,0.722182340273,0.91959798995,0.812634601579,0.737257717157,0.860732232592,0.637473079684,0.500358937545,0.282124910266,0.715003589375,0.913137114142,0.989949748744,0.956209619526,0.894472361809,0.894472361809,0.575735821967,0.634601579325,0.992103374013,0.656855707107,0.798277099785,0.839195979899,0.926776740847,0.957645369706,0.250538406317,0.91888011486,
295,0.354763749032,0.405886909373,0.787761425252,0.766072811774,0.0309837335399,0.900077459334,0.508907823393,0.776917118513,0.522075910147,
296,0.77932232841,0.289313640313,0.172024326672,0.158992180712,0.942658557776,0.93570807993,
297,0.662861491629,0.652207001522,0.970319634703,0.76103500761,0.60502283105,0.961187214612,0.58295281583,0.547184170472,0.996194824962,0.476407914764,0.731354642314,0.752663622527,0.917808219178,
298,0.291194420227,0.874455100262,0.613775065388,0.90235396687,0.759372275501,0.243243243243,
299,0.868055555556,0.75,0.879340277778,0.662326388889,0.404513888889,
300,0.646126760563,0.953345070423,0.945422535211,0.476232394366,0.776408450704,0.99911971831,0.654929577465,0.0457746478873,0.975352112676,0.301936619718,0.742077464789,0.160211267606,0.883802816901,0.0836267605634,
301,1.0,0.511469838573,0.488530161427,0.0127442650807,
302,0.687907313541,0.708182476466,0.944243301955,0.582910934106,0.918175235337,0.972483707458,0.207820419986,0.577118030413,0.670528602462,0.301230992035,0.608979000724,0.924692251991,0.979724837075,
303,0.938702779758,0.669280114041,0.35851746258,0.248039914469,0.8011404134,0.0705630791162,0.753385602281,0.91732002851,0.932287954383,0.92302209551,0.789023521026,0.776193870278,0.654312188168,0.819672131148,0.945117605132,0.890947968639,0.890947968639,0.854597291518,0.367070563079,0.56022808268,
304,0.94425087108,0.809756097561,0.866202090592,0.616027874564,0.544947735192,0.365853658537,0.924041811847,0.487804878049,0.67456445993,0.820209059233,0.97212543554,0.0933797909408,0.759581881533,0.678048780488,0.81881533101,0.770034843206,0.676655052265,0.729616724739,0.363763066202,0.913588850174,0.991637630662,0.535191637631,
305,0.795507358637,0.523625096824,0.846630518978,0.721920991479,0.832687838885,0.92254066615,0.0673896204493,0.553834237026,
306,0.53488372093,0.53488372093,
308,0.323348017621,0.67577092511,0.370925110132,0.68281938326,0.895154185022,0.619383259912,0.876651982379,0.555947136564,
310,0.859070464768,0.8035982009,0.328335832084,0.389805097451,
311,0.22774659182,0.497193263833,0.898957497995,0.8067361668,0.957497995188,0.917401764234,0.515637530072,0.956696070569,0.161988773055,0.347233360064,0.919807538091,0.107457898957,
312,0.720538720539,0.793771043771,0.71632996633,0.902356902357,0.402356902357,0.311447811448,0.739057239057,0.962121212121,0.0782828282828,0.941919191919,0.774410774411,0.78367003367,
313,0.531358885017,0.453832752613,
314,0.50697292863,0.728465955701,0.0541427399508,0.786710418376,0.455291222313,
315,0.552880481513,0.979363714531,
316,0.813311688312,0.524350649351,0.453733766234,0.849837662338,0.864448051948,0.973214285714,0.526785714286,0.580357142857,0.94724025974,0.714285714286,0.771103896104,0.56737012987,
317,0.140740740741,0.445267489712,0.919341563786,0.545679012346,0.411522633745,0.493004115226,
318,0.124100719424,0.633992805755,0.364208633094,0.874100719424,0.754496402878,0.478417266187,0.5,0.341726618705,
319,0.520994001714,0.380462724936,0.853470437018,
320,0.505179282869,0.598406374502,0.948207171315,0.0828685258964,0.0733067729084,0.820717131474,0.650996015936,
322,0.66875,0.896527777778,0.394444444444,0.642361111111,0.76875,0.926388888889,0.610416666667,0.389583333333,0.877777777778,0.875,0.625,0.649305555556,0.625694444444,0.447222222222,0.961805555556,
323,0.98785046729,0.98785046729,0.98785046729,0.98785046729,0.878504672897,
325,0.605904059041,0.605904059041,0.605904059041,0.605904059041,0.605904059041,0.436162361624,
327,0.879807692308,
328,0.919770773639,
329,0.760463045414,0.839715048976,0.719501335708,
330,0.86630532972,0.575429087624,0.936766034327,0.602529358627,
333,0.34937439846,
334,0.798679867987,
335,0.597633136095,0.122569737954,0.827557058326,
336,0.960372960373,0.878010878011,0.878010878011,0.571872571873,0.491064491064,0.208236208236,0.898212898213,0.86013986014,
337,0.561743341404,0.407586763519,0.719128329298,0.719128329298,0.862792574657,0.845843422115,0.208232445521,0.716707021792,0.602905569007,0.426150121065,0.654560129136,
338,0.53013029316,0.342833876221,0.670195439739,0.543159609121,0.517100977199,0.671009771987,0.900651465798,0.962540716612,0.951140065147,0.0708469055375,0.346091205212,0.973941368078,0.983713355049,0.990228013029,0.436482084691,0.808631921824,
339,0.759180187874,0.890691716482,0.777113578138,0.610589239966,0.610589239966,0.736122971819,0.438087105038,0.624252775406,0.980358667805,0.893253629377,0.944491887276,0.971818958155,
340,0.824546240277,
341,0.720371804802,0.504260263362,0.504260263362,0.978311386522,0.0642912470953,0.703330751356,0.573199070488,0.696359411309,0.789310611929,0.502711076685,0.991479473277,0.952749806352,0.156467854376,0.560805577072,0.948876839659,0.86599535244,0.725793958172,
342,0.752093802345,0.628978224456,
343,0.653846153846,0.784929356358,0.874411302983,0.824175824176,0.379120879121,0.613029827316,0.38147566719,0.197802197802,0.954474097331,0.285714285714,0.792778649922,0.790423861852,0.851648351648,
344,0.94623655914,0.85752688172,0.848566308244,0.35752688172,0.586021505376,
345,0.03,0.232,0.797,
346,0.783972125436,0.0226480836237,0.799651567944,0.297038327526,0.567073170732,
347,0.0582010582011,0.259259259259,0.968253968254,0.719576719577,
348,0.450676982592,
349,0.836424957841,0.965430016863,0.721753794266,0.858347386172,0.591062394604,
351,0.53861003861,0.492277992278,
352,0.0206896551724,0.831896551724,
353,0.745719178082,0.666952054795,0.742294520548,0.918664383562,0.839897260274,
354,0.690954773869,
355,0.834519572954,0.978647686833,0.764234875445,0.608540925267,
356,0.257365684575,0.839688041594,0.487001733102,0.627383015598,0.619584055459,0.730502599653,0.422010398614,0.988734835355,0.227036395147,0.483535528596,0.466204506066,0.933275563258,
357,0.772141706924,0.752818035427,0.83655394525,0.299516908213,0.875201288245,0.549114331723,
358,0.0351307189542,0.0359477124183,0.497549019608,
359,0.721603563474,0.113585746102,0.84558277654,0.735708982925,0.986636971047,0.537490720119,0.880475129918,0.703043801039,0.608760207869,0.900519673348,0.806236080178,0.729769858946,0.258351893096,0.0890868596882,0.45434298441,0.529324424647,0.250927988122,0.485523385301,
360,0.315254237288,0.865254237288,0.79406779661,0.881355932203,0.367796610169,0.569491525424,0.69406779661,0.872033898305,
361,0.254143646409,0.52091554854,0.820047355959,0.723756906077,0.734806629834,0.947119179163,0.313338595107,0.547750591949,0.0315706393054,0.46093133386,0.703235990529,0.558800315706,0.680347277032,0.695343330702,0.959747434886,0.727703235991,0.130228887135,0.279400157853,0.725335438043,0.618784530387,0.880820836622,
362,0.514385353095,0.197035745423,
363,0.673557278208,0.290267011197,0.592592592593,
364,0.419296663661,0.954914337241,0.80703336339,0.889990982867,0.0937781785392,0.734896302976,0.5130748422,0.99819657349,
365,0.9533632287,0.803587443946,0.82331838565,0.385650224215,0.137219730942,0.918385650224,
366,0.794012829651,0.774055595153,0.267284390592,0.444048467569,0.805416963649,0.670705630791,0.663578047042,0.362081254455,0.766215253029,0.229508196721,0.774768353528,0.387027797577,0.435495367071,0.715609408411,0.501781895937,0.153955808981,0.580898075552,
367,0.930860033727,
368,0.420473773266,0.636209813875,0.481387478849,0.807106598985,0.10152284264,0.657360406091,0.578680203046,0.482233502538,0.176818950931,0.926395939086,0.214043993232,0.684433164129,
369,0.827356130108,0.045871559633,0.586321934946,0.631359466222,
370,0.883855024712,0.596375617792,0.805601317957,
371,0.992630803242,0.895357406043,0.613854089904,0.84893146647,0.252763448784,0.679439941046,0.654384672071,0.606484893147,0.647752394989,0.998526160648,0.737656595431,0.186440677966,0.507737656595,
372,0.734920634921,
373,0.722039473684,0.274671052632,0.796052631579,0.309210526316,0.861842105263,0.447368421053,
376,0.892595606184,0.972335231896,0.0382424735557,0.0480065093572,0.952807160293,
377,0.946825396825,0.871428571429,0.859523809524,0.924603174603,0.990476190476,0.115873015873,
378,0.248355263158,0.926809210526,0.137335526316,0.763980263158,0.929276315789,
379,0.67109929078,0.60195035461,
380,0.855411954766,0.97253634895,0.804523424879,0.403069466882,0.995153473344,0.777867528271,0.869951534733,0.852180936995,0.342487883683,0.210016155089,0.535541195477,
381,0.0405300077942,0.612626656274,0.957131722525,0.540140296181,0.560405300078,0.814497272019,0.946999220577,0.488698363211,
382,0.542071197411,0.809870550162,0.608414239482,0.95145631068,0.911812297735,0.0720064724919,0.0776699029126,0.999190938511,0.0978964401294,0.597087378641,0.903721682848,
383,0.854197349043,0.59499263623,0.652430044183,0.125184094256,0.39617083947,0.821060382916,0.926362297496,0.216494845361,0.261413843888,0.019882179676,0.670103092784,0.444771723122,0.873343151694,0.39027982327,
384,0.541365461847,0.865060240964,0.38313253012,0.195180722892,0.587951807229,0.586345381526,
386,0.685109845403,0.663140764849,0.739625711961,
387,0.0490196078431,0.0767973856209,0.676470588235,0.0808823529412,0.861111111111,0.455882352941,0.573529411765,0.954248366013,0.977124183007,0.106209150327,
388,0.466202090592,0.942857142857,0.915679442509,0.724738675958,0.96724738676,0.598606271777,0.417421602787,0.980487804878,0.995818815331,0.0878048780488,0.914982578397,0.489198606272,0.984668989547,0.243205574913,0.58118466899,0.709407665505,0.992334494774,0.698257839721,0.886411149826,0.758885017422,0.641114982578,
389,0.770480225989,0.933615819209,0.622175141243,0.601694915254,0.500706214689,0.995762711864,
390,0.983679525223,0.963649851632,0.885014836795,0.808605341246,0.816765578635,0.877596439169,0.721068249258,0.844955489614,0.715133531157,0.991839762611,0.473293768546,
391,0.946184738956,
392,0.812739831159,0.890253261704,0.810437452034,0.766692248657,
393,0.286759326993,0.796634967081,0.683979517191,0.743233357718,0.573518653987,0.580102414045,0.792245793709,0.356254572056,0.500365764448,0.633504023409,0.724213606437,0.891002194587,0.408924652524,0.781272860278,0.970007315289,0.351865398683,0.904169714704,0.89685442575,0.749817117776,0.832479882955,0.96342355523,0.907827359181,0.501828822238,0.931967812729,0.7937088515,0.730065837601,0.684711046086,0.978785662034,0.665691294806,
394,0.559734513274,0.892330383481,0.764749262537,0.371681415929,0.634955752212,0.106932153392,0.711651917404,0.511799410029,0.97418879056,0.998525073746,0.622418879056,0.867994100295,0.729351032448,0.654867256637,0.924778761062,0.341445427729,
395,0.691603053435,0.680152671756,0.419083969466,0.524427480916,0.0977099236641,0.480152671756,0.104580152672,0.749618320611,0.679389312977,0.987022900763,0.941221374046,0.674809160305,0.922900763359,0.715267175573,0.596183206107,0.867938931298,0.657251908397,0.89465648855,0.864122137405,0.968702290076,0.845038167939,0.626717557252,0.862595419847,0.83358778626,0.83358778626,0.740458015267,0.470992366412,0.696183206107,0.823664122137,0.799236641221,
396,0.44819466248,0.000784929356358,0.353218210361,0.598116169545,0.549450549451,0.869701726845,0.880690737834,
397,0.746645619574,0.565114443567,0.797947908445,0.979479084451,0.511444356748,0.680347277032,
398,0.435565154788,0.765298776098,0.574514038877,0.982721382289,0.442044636429,0.707703383729,0.915766738661,0.763138948884,0.969042476602,0.866090712743,0.389488840893,0.377969762419,0.89848812095,0.526997840173,0.595392368611,1.0,0.861051115911,0.762419006479,0.810655147588,
399,0.944707740916,0.716429699842,0.744865718799,0.483412322275,0.437598736177,
400,0.863496932515,0.963190184049,0.516871165644,0.665644171779,0.682515337423,0.73773006135,
401,0.320380650278,0.643933386201,0.831086439334,0.954004758128,0.801744647105,
402,0.711703958692,0.956110154905,
403,0.449709060682,0.0673316708229,0.0814630091438,0.411471321696,0.392352452203,0.383208645054,0.579384871155,0.934330839568,
404,0.611544461778,0.758970358814,0.765990639626,0.332293291732,0.904836193448,0.275351014041,0.630265210608,0.147425897036,0.734789391576,0.665366614665,0.801872074883,0.964898595944,
405,0.854319180088,0.738653001464,0.42972181552,0.928989751098,0.921669106881,0.974377745242,0.696193265007,0.603221083455,0.962664714495,0.836749633968,0.812591508053,0.606881405564,0.617130307467,0.208638360176,
406,0.856432125089,0.933191186923,0.846481876333,0.557213930348,0.947405828003,0.955934612651,0.280028429282,0.289978678038,0.886993603412,0.702203269367,0.749111584932,0.858564321251,0.704335465529,0.587775408671,0.557924662402,0.9026297086,0.658848614072,0.519545131485,0.63894811656,0.245202558635,0.470504619758,0.482587064677,0.103056147832,0.98223169865,0.727078891258,0.651030561478,0.678038379531,0.62828713575,0.92750533049,0.243070362473,0.767590618337,0.789623312011,
407,0.438045375218,0.60907504363,0.815881326353,
408,0.418625678119,0.0877034358047,0.834538878843,0.757685352622,0.52712477396,0.457504520796,0.407775768535,0.865280289331,0.938517179024,
409,0.471627906977,0.791627906977,0.750697674419,0.496744186047,0.462325581395,
411,0.122483221477,0.674496644295,0.674496644295,0.863255033557,0.713926174497,0.880872483221,0.890939597315,0.0478187919463,0.851510067114,0.988255033557,0.999161073826,0.805369127517,0.979026845638,0.544463087248,
412,0.747068676717,0.611390284757,0.793132328308,0.65242881072,0.129815745394,0.42378559464,0.77554438861,0.967336683417,0.597152428811,0.831658291457,0.856783919598,
413,0.896013864818,0.447140381282,0.826689774697,0.525996533795,0.576256499133,
414,0.888400702988,0.906854130053,0.615114235501,0.813708260105,0.885764499121,0.939367311072,0.665202108963,0.761862917399,
415,0.353603603604,0.0660660660661,0.704204204204,0.985735735736,0.698198198198,0.774774774775,0.58033033033,0.683933933934,0.395645645646,0.583333333333,0.779279279279,0.653903903904,0.951951951952,0.973723723724,0.594594594595,0.778528528529,
416,0.819324430479,0.925373134328,0.395915161037,0.864886095837,
417,0.587603305785,0.847107438017,0.745454545455,0.494214876033,0.414876033058,0.443801652893,0.613223140496,0.989256198347,
418,0.636075949367,0.913765822785,0.96835443038,0.0395569620253,0.805379746835,0.651898734177,0.709651898734,0.800632911392,0.631329113924,0.473892405063,0.777689873418,0.923259493671,
419,0.61447562777,0.920974889217,0.665435745938,0.899556868538,0.949778434269,0.257016248154,0.666174298375,0.836779911374,0.998522895126,0.936484490399,0.839734121123,0.126292466765,0.748153618907,
420,0.553897180763,0.804311774461,0.977611940299,0.89552238806,0.883913764511,
421,0.863822805578,0.873666940115,0.829368334701,0.815422477441,
422,0.819327731092,0.357983193277,
423,0.679418515685,0.470543228768,0.92960979342,0.966335118592,0.464422341239,0.911247130834,0.967100229533,0.618974751339,
424,0.950477845352,0.845351867941,0.521285838401,0.877497827976,0.969591659427,0.860990443093,0.15638575152,
425,0.731942215088,0.659711075441,0.821027287319,
426,0.758259468171,0.263497179694,0.497179693795,0.796937953263,0.979049153908,0.0483481063658,0.323126510878,0.499597099114,0.667203867849,0.77840451249,0.58904109589,0.861402095085,0.543110394843,0.598710717164,0.974214343272,0.575342465753,
427,0.962962962963,0.612794612795,0.771885521886,0.771885521886,0.473063973064,0.511784511785,
428,0.0532889258951,0.610324729392,0.760199833472,0.985845129059,0.766860949209,0.901748542881,0.925895087427,0.133222314738,0.258950874271,0.169858451291,0.348875936719,0.117402164863,0.595337218984,
429,0.825531914894,0.0587234042553,0.245106382979,0.925957446809,
430,0.837285363859,0.812755519215,0.874080130826,0.995094031071,0.8413736713,0.278004905969,0.212591986917,0.989370400654,0.150449713818,0.0621422730989,0.275551921504,
431,0.654320987654,0.530092592593,0.0378086419753,
432,0.776155717762,0.808596918086,
433,0.605511811024,0.0283464566929,
434,0.831578947368,0.77975708502,0.752226720648,0.0242914979757,0.85991902834,0.882591093117,0.992712550607,0.703643724696,0.622672064777,
435,0.467312348668,0.282485875706,1.0,0.164648910412,0.810330912026,0.675544794189,0.81194511703,
436,0.93867120954,0.996592844974,
437,0.628038897893,0.032414910859,0.440842787682,0.277957860616,0.170988654781,0.613452188006,
438,0.818668706963,0.869931140015,0.76052027544,0.745983167559,0.635042081102,0.621270084162,
439,0.658574784652,0.922474549726,0.983555207518,0.572435395458,
440,0.479646017699,0.809734513274,0.484955752212,0.0814159292035,0.797345132743,0.869026548673,0.270796460177,0.729203539823,
441,0.207130730051,0.783531409168,0.701188455008,0.837860780985,0.938030560272,0.286078098472,0.846349745331,0.985568760611,0.78013582343,0.097623089983,0.982173174873,
442,0.407735697019,0.0338436744561,0.267526188558,0.662369057212,
443,0.148760330579,0.729752066116,0.801652892562,0.690082644628,0.821487603306,
444,0.761627906977,0.283222591362,
445,0.901430842607,0.885532591415,0.748807631161,
446,0.536470588235,0.101960784314,0.442352941176,
447,0.36872909699,0.841137123746,0.83110367893,0.339464882943,0.792642140468,0.132107023411,0.141304347826,0.346989966555,0.423913043478,0.70652173913,0.0301003344482,0.211538461538,0.667224080268,
448,0.078529657477,0.887218045113,0.556390977444,0.97410192147,
449,0.767901234568,0.63621399177,0.740740740741,0.892181069959,0.711111111111,0.43950617284,0.489711934156,0.191769547325,0.119341563786,
450,0.973830293418,0.0245836637589,0.754163362411,0.64314036479,0.572561459159,0.872323552736,0.533703409992,0.91435368755,
451,0.999075785582,
452,0.419090909091,0.0590909090909,
453,0.705172413793,0.755172413793,0.723275862069,0.0525862068966,0.436206896552,
454,0.357328707719,0.81526452732,0.0398959236774,0.98091934085,0.423243712056,0.830875975716,
455,0.513219284603,0.814930015552,0.578538102644,0.977449455677,0.738724727838,0.314152410575,0.541213063764,0.582426127527,0.583981337481,0.680404354588,0.287713841369,0.844479004666,0.580870917574,0.718506998445,0.637636080871,0.93234836703,0.557542768274,
456,0.797957695113,0.409190371991,0.643326039387,0.854850474106,0.866520787746,0.617067833698,0.340627279358,
458,0.890734265734,0.879370629371,
459,0.936247723133,
460,0.416312659303,0.555649957519,0.937977909941,0.423959218352,0.39847068819,0.63891248938,0.0866610025489,0.322854715378,0.479184367035,0.036533559898,0.586236193713,
461,0.162866449511,0.502442996743,0.46009771987,
462,0.942365269461,0.0741017964072,0.869760479042,0.571107784431,0.912425149701,0.978293413174,0.512724550898,0.950598802395,0.544910179641,0.459580838323,0.758982035928,0.225299401198,0.771706586826,0.138473053892,0.755239520958,0.516467065868,0.336077844311,0.907934131737,0.754491017964,0.754491017964,0.776946107784,0.326347305389,0.86002994012,0.12874251497,0.285179640719,0.690119760479,
463,0.513400335008,0.978224455611,0.481574539363,0.0686767169179,
464,0.794543904518,0.427962489344,0.737425404945,
465,0.982188295165,0.396098388465,0.391857506361,0.425784563189,0.662425784563,
466,0.0537084398977,0.468883205456,0.756180733163,0.953964194373,0.992327365729,0.714407502131,
467,0.701166180758,0.778425655977,0.594752186589,0.254373177843,0.532798833819,0.782069970845,0.752186588921,0.810495626822,0.334548104956,0.19387755102,0.277696793003,0.404518950437,
468,0.811677631579,0.0526315789474,
469,0.716637781629,0.792027729636,0.993934142114,0.993934142114,0.993934142114,0.993934142114,0.703639514731,0.71403812825,0.78856152513,
470,0.639564124057,0.238893545683,0.24308466052,0.584241408215,0.61357921207,
471,0.529311809686,0.514868309261,0.361937128292,
472,0.672743055556,0.607638888889,0.494791666667,0.947048611111,0.889756944444,0.378472222222,0.881076388889,
473,0.978650725875,0.239111870196,0.0751494449189,0.35098206661,0.502988898377,0.404782237404,
474,0.111480865225,0.512479201331,0.920133111481,0.72462562396,0.044925124792,0.903494176373,0.29534109817,0.633111480865,0.920965058236,0.74459234609,
475,0.0934343434343,0.541245791246,0.172558922559,0.291245791246,0.969696969697,0.232323232323,0.877104377104,0.23569023569,
476,0.333821376281,0.852855051245,0.801610541728,0.89019033675,0.657393850659,0.94729136164,0.193265007321,0.264275256223,0.573206442167,0.736456808199,0.774524158126,0.923865300146,0.987554904832,0.723279648609,0.986090775988,0.319180087848,0.298682284041,0.820644216691,0.747437774524,0.747437774524,0.879941434846,0.392386530015,0.8682284041,
478,0.563148788927,0.873702422145,
479,0.890456431535,0.946887966805,0.500414937759,0.829045643154,0.512033195021,0.569294605809,0.754356846473,
480,0.406197654941,0.5,
482,0.15680684248,0.804704205274,0.953670705631,0.56165359943,0.661439771917,0.332145402708,0.936564504633,0.619387027798,0.52245188881,0.71988595866,0.919458303635,0.986457590877,0.543121881682,0.188168210976,0.819672131148,0.644333570919,0.692801140413,
483,0.928989139515,0.611528822055,0.762740183793,0.635756056809,0.833751044277,
484,0.26612244898,0.838367346939,0.259591836735,0.750204081633,0.311836734694,0.486530612245,0.238367346939,0.414693877551,0.58612244898,0.950204081633,
485,0.792262405383,0.612279226241,0.931034482759,0.716568544996,0.340622371741,0.753574432296,
486,0.284110535406,0.95768566494,0.841105354059,0.0716753022453,0.758203799655,0.314335060449,0.354058721934,0.820379965458,
487,0.623548922056,0.6135986733,0.934494195688,0.695688225539,0.850746268657,
488,0.558024691358,0.122633744856,0.100411522634,0.786008230453,0.546502057613,0.637860082305,0.4329218107,0.625514403292,0.660082304527,0.762139917695,
493,0.83149872989,0.204911092295,0.796782387807,0.776460626588,0.914479254869,
494,0.445106382979,0.788936170213,0.498723404255,0.0834042553191,0.764255319149,0.416170212766,
495,0.755146262189,0.695557963164,0.75406283857,
496,0.93730729702,
499,0.701198630137,0.0590753424658,0.0590753424658,0.296232876712,0.296232876712,0.47345890411,0.535102739726,0.966609589041,0.990582191781,0.994006849315,
500,0.866274179983,0.488645920942,0.988225399495,0.550042052145,0.705634987384,0.383515559294,0.249789739277,0.864592094197,0.439024390244,0.0395290159798,0.103448275862,0.164844407065,
501,0.719532554257,0.874791318865,0.435726210351,0.542570951586,0.0634390651085,0.971619365609,0.727045075125,0.728714524207,0.0258764607679,0.0258764607679,0.0258764607679,0.0258764607679,0.0258764607679,0.380634390651,0.150250417362,0.723706176962,0.882303839733,0.651919866444,0.513355592654,0.543405676127,0.967445742905,0.0233722871452,0.671953255426,0.537562604341,0.722871452421,
502,0.85327510917,0.85327510917,0.361572052402,0.976419213974,0.502183406114,0.23231441048,
503,0.666373239437,0.647007042254,0.660211267606,
504,0.823611111111,0.0277777777778,0.855555555556,0.135416666667,0.691666666667,0.992361111111,
505,0.544117647059,0.366873065015,0.743034055728,0.340557275542,0.881578947368,0.86919504644,0.110681114551,
506,0.0519591141397,0.517887563884,0.96933560477,0.948892674617,0.991482112436,
507,0.910790144435,0.302463891249,0.544604927782,0.864910790144,0.869158878505,0.566694987256,0.954120645709,0.782497875956,0.749362786746,0.130841121495,0.949872557349,0.489379779099,0.967714528462,0.725573491929,0.706881903144,0.935429056924,0.662701784197,0.234494477485,0.864061172472,0.28632115548,
508,0.689795918367,0.496326530612,0.592653061224,0.943673469388,0.0604081632653,0.767346938776,0.185306122449,0.938775510204,
509,0.725228975853,0.547044129892,0.0474604496253,0.860116569525,0.330557868443,0.816819317236,0.0407993338884,
510,0.88409703504,0.70530098832,0.808625336927,
511,0.165680473373,0.967032967033,
512,0.58693733451,
513,0.470260223048,0.935873605948,0.190520446097,0.707249070632,0.532527881041,0.981412639405,
514,0.383141762452,0.581417624521,
515,0.886885245902,0.726229508197,0.759836065574,0.766393442623,0.0401639344262,0.684426229508,
516,0.868943606037,0.549642573471,0.610007942812,0.687053216839,0.713264495631,0.882446386021,0.491660047657,
518,0.961538461538,0.0803418803419,0.929914529915,0.641025641026,0.716239316239,0.570085470085,0.92905982906,0.523076923077,0.247863247863,
519,0.398998330551,0.059265442404,0.910684474124,0.431552587646,0.939899833055,0.927378964942,0.650250417362,0.476627712855,0.951585976628,0.201168614357,
520,0.715408805031,0.150943396226,0.698899371069,
521,0.827613727055,0.75259377494,0.413407821229,0.551476456504,0.889066241022,0.674381484437,0.393455706305,0.343974461293,0.695131683958,0.859537110934,0.98164405427,0.206703910615,0.860335195531,0.098164405427,0.386272944932,
522,0.695131683958,0.811652035116,0.885075818037,0.772545889864,0.735833998404,0.557063048683,0.550678371907,
523,0.249045072574,0.784568372804,0.524828113063,0.821237585943,0.538579067991,0.0550038197097,0.837280366692,
524,0.955605718585,0.907449209932,0.04589917231,0.90820165538,0.851768246802,0.957110609481,
525,0.8890625,0.34140625,
526,0.927662957075,0.37440381558,0.823529411765,0.430047694754,
527,0.750597609562,0.0470119521912,0.827091633466,
528,0.917637271215,
529,0.271844660194,0.854368932039,0.597896440129,0.752427184466,0.542071197411,0.503236245955,0.788834951456,0.935275080906,
531,0.647569444444,0.504340277778,
532,0.196299275945,0.247787610619,0.619469026549,
533,0.444957659738,0.836027713626,0.15935334873,
534,0.570072992701,0.658394160584,0.199270072993,0.910948905109,0.576642335766,0.240145985401,0.394160583942,0.464233576642,0.879562043796,0.733576642336,0.267153284672,0.750364963504,0.939416058394,0.462773722628,0.516788321168,0.813138686131,0.612408759124,0.842335766423,0.829927007299,0.843065693431,0.921167883212,0.889781021898,0.844525547445,0.966423357664,0.966423357664,0.163503649635,0.13795620438,0.586131386861,0.7,0.723357664234,0.694890510949,0.822627737226,
535,0.148207171315,0.642231075697,0.58406374502,0.532270916335,0.702788844622,0.607171314741,0.824701195219,0.788844621514,0.317928286853,
536,0.402046783626,0.418859649123,0.97514619883,0.730994152047,0.803362573099,0.523391812865,0.893274853801,0.360380116959,0.665204678363,0.745614035088,0.869883040936,
537,0.726555652936,
538,0.834183673469,0.485544217687,
539,0.553519061584,0.868035190616,0.83724340176,0.878299120235,
540,0.762652705061,
541,0.904245709124,0.0894308943089,0.358626919603,0.256549232159,0.545618789521,0.977416440831,0.143631436314,0.229448961156,0.690153568202,
542,0.787489288775,0.908311910883,
543,0.266723842196,0.945969125214,0.570325900515,0.695540308748,0.847341337907,0.967409948542,0.937392795883,
544,0.876458476321,0.304735758408,0.837336993823,0.768016472203,0.958819492107,0.83459162663,0.676046671242,0.713109128346,0.990391214825,0.667810569664,0.1153054221,0.766643788607,0.669869595058,0.733013040494,0.695950583391,0.715854495539,0.965682910089,0.706245710364,0.972546328071,0.835964310226,0.295126973233,0.838023335621,0.976664378861,0.758407687028,
545,0.392425463336,0.43432715552,0.718775181305,0.128928283642,0.543916196616,0.742949234488,
546,0.492572322127,0.949960906959,0.903049257232,0.744331508991,0.87255668491,0.603596559812,0.63721657545,
547,0.657992565056,0.309293680297,0.976208178439,0.597026022305,0.0944237918216,
548,0.914127423823,
549,0.338147833475,0.278674596432,0.92948173322,
550,0.500417710944,0.627401837928,0.418546365915,0.0701754385965,0.729323308271,0.477025898079,
551,0.876475930972,0.524069028156,0.426884650318,0.441416893733,0.683015440509,0.974568574024,0.370572207084,0.541326067212,0.752951861944,0.613987284287,0.791099000908,0.996366939146,0.156221616712,0.727520435967,0.745685740236,0.882833787466,
552,0.928343949045,0.768312101911,0.315286624204,0.583598726115,0.656847133758,0.410828025478,0.854299363057,0.53423566879,0.31847133758,0.262738853503,0.692675159236,0.872611464968,0.424363057325,0.841560509554,0.981687898089,0.455414012739,0.607484076433,
553,0.0265957446809,
554,0.464936886396,0.666199158485,
555,0.412790697674,0.698643410853,
556,0.829743589744,
557,0.973262032086,0.919786096257,
558,0.705380017079,
559,0.49528706084,0.592116538132,0.968294772922,0.854327335047,0.992287917738,0.102827763496,
560,0.490987124464,0.967381974249,
561,0.437810945274,0.698175787728,
562,0.100753295669,
563,0.935162094763,0.431421446384,0.49459684123,0.459684123026,
564,0.732323232323,0.962121212121,0.59595959596,0.80303030303,
565,0.0593900481541,0.706260032103,
566,0.657142857143,0.788721804511,0.586466165414,0.0887218045113,0.855639097744,
567,0.813153961136,0.988789237668,0.713004484305,0.523168908819,0.998505231689,
568,0.560904449307,0.736688548505,
569,0.729323308271,
571,0.653007846556,0.865736704446,
573,0.952520087655,0.382761139518,0.0036523009496,0.712929145362,0.887509130752,0.643535427319,0.354273192111,
574,0.864161849711,0.710260115607,
575,0.761429758936,
576,0.451863354037,0.221273291925,0.969720496894,0.817546583851,0.934782608696,0.666149068323,0.683229813665,0.555124223602,0.987577639752,0.987577639752,0.987577639752,0.999223602484,0.580745341615,0.908385093168,0.875776397516,0.826086956522,
578,0.521038495971,0.544315129812,
579,0.65475070555,0.163687676388,0.901222953904,0.966133584196,0.131702728128,
580,0.707564575646,0.966789667897,0.342250922509,0.948339483395,
581,0.609334485739,0.885911840968,0.222990492653,0.127917026793,0.588591184097,
582,0.52,0.731818181818,0.0463636363636,0.399090909091,0.0581818181818,0.537272727273,
583,0.357207615594,0.0335448776065,0.0689029918404,0.12783318223,0.0516772438803,0.365367180417,
584,0.572897196262,0.788785046729,0.435514018692,0.109345794393,0.892523364486,
585,0.536776212833,0.216744913928,0.147887323944,0.746478873239,0.599374021909,0.410015649452,0.493740219092,0.0594679186228,0.175273865415,0.343505477308,0.899843505477,0.451486697966,0.464006259781,0.498435054773,0.682316118936,0.829420970266,0.803599374022,0.238654147105,
586,0.876633986928,0.758169934641,0.264705882353,0.741830065359,0.662581699346,0.946078431373,0.937091503268,0.766339869281,0.473039215686,0.87908496732,0.949346405229,0.426470588235,
587,0.431561996779,0.855877616747,0.545893719807,0.838164251208,0.673107890499,0.652979066023,0.697262479871,0.586956521739,0.661835748792,0.537037037037,0.834943639291,0.531400966184,0.550724637681,0.904186795491,0.221417069243,0.614331723027,0.237520128824,
588,0.893550893551,0.902874902875,0.442113442113,0.944055944056,0.128205128205,0.670551670552,0.862470862471,0.913752913753,0.454545454545,0.853923853924,0.160062160062,
590,0.842560553633,0.871107266436,
591,0.596448748991,0.933010492333,0.721549636804,0.391444713479,0.973365617433,0.820823244552,0.870863599677,0.880548829701,0.337368845843,0.606941081517,0.509281678773,0.657788539144,0.908797417272,
592,0.80309544282,0.119518486672,0.140154772141,0.558899398108,
593,0.707295373665,0.474199288256,
595,0.453400503778,0.0428211586902,
596,0.0696,0.6464,0.6792,0.656,0.5976,0.952,0.7088,0.7352,0.6336,0.9632,0.8312,0.7296,0.8728,0.3688,0.6272,0.5904,0.4032,0.4032,0.2944,
597,0.212837837838,0.879222972973,0.352195945946,0.736486486486,0.837837837838,0.481418918919,0.94847972973,0.342905405405,
598,0.705192629816,0.527638190955,
599,0.661234991424,0.048885077187,0.648370497427,0.804459691252,0.484562607204,0.522298456261,0.440823327616,0.734991423671,0.518010291595,0.690394511149,0.677530017153,
600,0.81301421092,0.951383694839,0.692595362752,0.869109947644,0.503365744203,
601,0.668421052632,0.825438596491,0.948245614035,
603,0.109417040359,0.341704035874,
605,0.589641434263,0.783266932271,0.185657370518,0.485258964143,0.293227091633,0.555378486056,0.752988047809,0.286852589641,0.41593625498,0.859760956175,0.611952191235,0.939442231076,0.723505976096,0.986454183267,0.109960159363,
607,0.869406392694,0.625570776256,
608,0.771899392888,
610,0.0929162833487,
611,0.468224981738,0.683710737765,0.701241782323,0.951059167275,0.987582176771,0.946676406136,0.63696128561,0.425127830533,
612,0.915814319434,0.557041699449,0.428796223446,0.0700236034618,0.979543666404,0.504327301338,0.936270653029,0.834775767113,0.785208497246,0.9653815893,
614,0.0984643179765,0.466124661247,
616,0.798822374877,
617,0.742200328407,0.99671592775,0.445812807882,
618,0.301871440195,0.360455655004,
619,0.53025210084,0.790756302521,0.470588235294,0.841176470588,0.829411764706,0.916806722689,
622,0.935569285084,0.593998234775,0.547219770521,0.917917034422,
623,0.445091514143,
624,0.724481327801,
625,0.732680722892,0.685240963855,0.743975903614,0.92921686747,0.91265060241,0.519578313253,
626,0.506533435819,
627,0.204564666103,0.154691462384,0.284868977177,
628,0.974958263773,0.106010016694,0.263772954925,0.687813021703,0.698664440735,0.933222036728,0.682804674457,0.47245409015,0.47245409015,0.47245409015,
629,0.412389380531,0.687610619469,0.850442477876,0.949557522124,
630,0.0645994832041,
631,0.930533117932,0.598546042003,0.755250403877,0.14620355412,0.403877221325,0.739903069467,
632,0.986509274874,0.695615514334,0.734401349073,0.884485666105,
633,0.0840088430361,0.574797347089,0.217391304348,0.529845246868,0.973470891673,0.479734708917,0.705232129698,0.941783345615,0.691967575534,0.771554900516,0.891672807664,0.94620486367,
634,0.956198960653,0.354120267261,0.919821826281,0.162583518931,0.648106904232,0.164068299926,0.686711210097,0.763919821826,0.917594654788,0.616926503341,0.72011878248,0.553823311062,0.703786191537,0.579806978471,
635,0.576855123675,0.987632508834,0.854240282686,0.441696113074,0.424028268551,
636,0.305288461538,0.836538461538,0.209134615385,
637,0.640916808149,0.562818336163,
638,0.849227974569,0.133514986376,0.0544959128065,0.806539509537,
639,0.120289855072,0.375362318841,0.655797101449,0.0550724637681,0.844202898551,0.635507246377,0.74347826087,0.549275362319,0.689855072464,0.557246376812,0.410144927536,0.960144927536,0.686956521739,0.89347826087,0.886231884058,0.575362318841,0.718115942029,0.857971014493,0.84347826087,0.766666666667,0.628985507246,0.816666666667,0.702173913043,0.492753623188,0.822463768116,0.411594202899,0.714492753623,
640,0.387755102041,0.259982253771,0.42413487134,0.80479148181,0.421472937001,0.917480035492,0.704525288376,0.747116237799,0.137533274179,
643,0.825323475046,0.512939001848,0.832717190388,0.853049907579,
644,0.912606341841,0.709976798144,0.352668213457,0.970610982212,0.242846094354,0.245166279969,0.208816705336,0.376643464811,0.908739365816,0.727764887858,0.996133023975,0.721577726218,0.744006187162,0.316318638824,0.786542923434,0.69837587007,0.604021655066,0.61098221191,0.942768754834,0.354215003867,
645,0.850262697023,0.653239929947,0.377408056042,0.703152364273,0.739054290718,
646,0.0471698113208,0.765866209262,0.86192109777,
647,0.386983289358,0.0131926121372,0.712401055409,0.64907651715,0.920844327177,
648,0.875441696113,0.696113074205,0.446113074205,0.705830388693,0.883392226148,0.984982332155,0.828621908127,0.100706713781,
649,0.237623762376,0.653465346535,
651,0.487745098039,0.581699346405,0.525326797386,0.987745098039,0.209150326797,0.250816993464,0.498366013072,0.907679738562,0.831699346405,
652,0.0649350649351,
653,0.737560192616,0.69341894061,0.718298555377,0.940609951846,0.874799357945,0.873194221509,0.64606741573,0.691011235955,0.817817014446,0.810593900482,0.00802568218299,0.892455858748,0.601926163724,0.49518459069,0.402889245586,0.552969502408,0.531300160514,0.730337078652,0.597913322632,0.574638844302,0.350722311396,0.529695024077,0.439004815409,0.793739967897,0.100321027287,
654,0.567823343849,0.507886435331,0.466088328076,0.790220820189,0.898264984227,0.216876971609,0.938485804416,0.948738170347,0.947160883281,0.764984227129,0.564668769716,0.73738170347,0.71214511041,0.431388012618,0.559148264984,0.984227129338,0.397476340694,0.844637223975,
655,0.568829113924,0.802215189873,0.571993670886,0.40585443038,0.793512658228,0.690664556962,0.709651898734,0.510284810127,0.970727848101,0.732594936709,0.761075949367,0.670094936709,0.763449367089,0.811708860759,0.235759493671,0.993670886076,0.698575949367,0.996044303797,0.880537974684,0.972310126582,0.893196202532,0.911392405063,0.557753164557,
656,0.98686244204,0.793663060278,0.986089644513,0.0911901081917,0.949768160742,0.64142194745,0.493817619784,0.692426584235,
657,0.963279248506,0.713065755764,0.791631084543,
658,0.0530303030303,0.505050505051,0.900673400673,0.861952861953,0.973063973064,0.916666666667,0.779461279461,
659,0.760888888889,
660,0.766820276498,0.493087557604,0.928110599078,0.558525345622,0.784331797235,0.263594470046,
661,0.500421229992,0.790227464195,0.75400168492,
662,0.665571076417,0.945768282662,0.79622021364,0.991783073131,0.894001643385,
665,0.921011058452,0.0592417061611,0.714060031596,0.866508688784,0.838862559242,0.30252764613,0.653238546603,0.906003159558,
667,0.651209677419,0.588709677419,0.984879032258,0.182459677419,0.712701612903,0.618951612903,0.900201612903,
670,0.242326332795,0.89337641357,0.380452342488,0.776252019386,
671,0.861928104575,0.93545751634,0.72385620915,0.540032679739,0.541666666667,0.446895424837,0.882352941176,0.882352941176,0.882352941176,0.619281045752,0.619281045752,0.407679738562,0.762254901961,0.762254901961,0.783496732026,0.606209150327,0.583333333333,0.377450980392,0.377450980392,0.700980392157,0.0555555555556,0.866830065359,0.423202614379,0.900326797386,0.845588235294,0.656862745098,0.989379084967,
672,0.760975609756,0.673170731707,0.107317073171,0.627642276423,0.456910569106,0.230894308943,0.552032520325,0.509756097561,0.932520325203,0.624390243902,0.730081300813,0.870731707317,0.30406504065,0.30406504065,0.934146341463,0.294308943089,
673,0.702865761689,0.845399698341,0.73604826546,0.367269984917,0.622926093514,0.846907993967,0.379336349925,0.968325791855,0.752639517345,0.681749622926,0.849924585219,
674,0.29216152019,0.800475059382,0.98178939034,0.767220902613,0.733966745843,0.620744259699,0.971496437055,0.33729216152,0.790182106097,0.595407759303,
675,0.397708674304,0.923895253682,0.0875613747954,0.0875613747954,0.0286415711948,
676,0.609022556391,0.57006151743,0.57006151743,0.427887901572,0.537935748462,0.905673274094,0.905673274094,0.736842105263,0.788106630212,0.788106630212,0.398496240602,0.532467532468,0.796308954204,0.796308954204,0.687628161312,0.885167464115,0.196172248804,0.599453178401,0.795625427204,0.795625427204,0.708817498291,0.987696514012,0.428571428571,0.644565960355,0.876281613124,0.74025974026,0.706083390294,0.825017088175,0.308270676692,0.8995215311,0.842105263158,0.667122351333,0.222146274778,0.935064935065,0.459330143541,0.276144907724,0.717019822283,0.81954887218,0.366370471634,0.71975393028,0.403280929597,0.896787423103,0.646616541353,0.64046479836,0.388926862611,0.162679425837,0.535201640465,0.485304169515,0.33971291866,0.52016404648,0.671223513329,0.797676008202,0.797676008202,0.835953520164,0.548188653452,0.548188653452,0.548188653452,0.792207792208,0.916609706083,0.775803144224,0.835269993165,0.891319207109,0.665071770335,0.261107313739,0.919343814081,0.925495557075,0.98974709501,0.586466165414,0.921394395079,0.738892686261,0.591934381408,0.44019138756,0.554340396446,0.61038961039,0.161995898838,0.440874914559,0.483253588517,0.745727956254,0.650717703349,0.948051948052,0.76008202324,0.751879699248,0.675324675325,0.804511278195,0.539302802461,0.79015721121,0.706766917293,0.649350649351,0.649350649351,0.304169514696,0.494873547505,0.831852358168,0.805194805195,0.8004101162,0.6001367054,0.36978810663,0.127819548872,0.837320574163,0.926862611073,0.605604921394,0.674641148325,0.587149692413,0.729323308271,0.1995898838,0.708133971292,0.708133971292,0.4996582365,0.4996582365,0.541353383459,0.324675324675,0.50991114149,0.897470950103,0.983595352016,0.386876281613,0.781954887218,0.651401230349,0.198222829802,0.998632946001,0.657552973342,0.979494190021,0.934381408066,0.208475734792,0.568694463431,0.172932330827,0.171565276828,0.892002734108,0.46001367054,0.558441558442,0.758714969241,0.692412850308,0.810663021189,0.244019138756,0.513328776487,0.513328776487,0.688311688312,0.893369788107,0.848940533151,0.730690362269,0.743677375256,0.894053315106,0.984962406015,0.914559125085,0.65003417635,0.725222146275,0.833219412167,0.764183185236,0.92002734108,0.780587833219,0.374572795625,0.823650034176,0.432672590567,0.667805878332,0.976076555024,0.939166097061,0.588516746411,0.991114149009,0.76965140123,
687,0.986677115987,0.771159874608,0.945141065831,1.0,0.10736677116,0.815047021944,0.978056426332,0.716300940439,0.49921630094,0.23275862069,0.849529780564,0.561912225705,0.940438871473,
688,0.495644599303,0.98606271777,0.948606271777,
689,0.678448275862,0.980172413793,0.520689655172,0.629310344828,0.325862068966,0.180172413793,0.774137931034,0.622413793103,
690,0.729939603106,0.269197584124,0.27955133736,0.257981018119,0.88438308887,
691,0.612227074236,0.386026200873,0.690829694323,
692,0.500747384155,
693,0.835375191424,0.873660030628,
694,0.719120135364,0.422165820643,0.906937394247,0.929780033841,0.606598984772,0.590524534687,0.116751269036,0.901861252115,
695,0.392274678112,0.603433476395,0.967381974249,0.119313304721,0.533905579399,0.260944206009,0.0300429184549,0.777682403433,0.61974248927,
696,0.505756578947,0.248355263158,0.587171052632,
697,0.467465753425,0.589897260274,0.179794520548,0.98801369863,0.885273972603,0.810787671233,0.522260273973,
698,0.302610114192,0.36704730832,0.634584013051,0.55220228385,0.796900489396,0.540783034258,
699,0.526402640264,0.496699669967,0.491749174917,0.491749174917,
702,0.842022116904,0.821484992101,
703,0.606683804627,0.20822622108,0.954584404456,0.616109682948,0.175664095973,0.777206512425,0.0351328191945,
704,0.489492119089,
705,0.0544783010157,0.677746999077,0.635272391505,
706,0.749097472924,0.263537906137,0.792418772563,0.572202166065,0.639891696751,
707,0.0530888030888,
710,0.872874493927,0.3004048583,
711,0.31450094162,0.492467043315,0.436911487759,0.436911487759,0.436911487759,
713,0.897475133894,0.612088752869,0.276205049732,
715,0.59746835443,0.381434599156,0.990717299578,0.704641350211,0.583966244726,0.974683544304,0.818565400844,0.911392405063,
716,0.764006791171,0.432088285229,0.749575551783,0.726655348048,0.11544991511,0.311544991511,
717,0.650269023828,0.944657955419,0.0753266717909,0.483474250576,0.9523443505,
718,0.522239263804,0.421779141104,0.710889570552,
719,0.482059282371,0.795631825273,0.718408736349,0.407176287051,0.966458658346,0.252730109204,0.807332293292,0.816692667707,0.741809672387,0.947737909516,1.0,
720,0.742793791574,0.531411677753,0.944567627494,0.806356245381,0.60458240946,0.818181818182,0.566888396157,0.368810051737,0.184035476718,0.379896526238,0.872875092387,0.70362158167,0.791574279379,0.863266814486,0.867701404287,0.079822616408,0.886178861789,0.809312638581,0.405764966741,
721,0.806105610561,0.792904290429,0.59900990099,0.59900990099,0.231848184818,0.612211221122,0.61303630363,
722,0.551807228916,0.771084337349,0.674698795181,0.268273092369,0.85140562249,0.502008032129,0.539759036145,
723,0.774729842062,0.653366583541,0.95178719867,0.974231088944,0.455527847049,0.455527847049,0.793017456359,0.948462177889,0.743973399834,0.483790523691,
724,0.198948290973,
725,0.785714285714,0.651567944251,
726,0.580139372822,
727,0.759090909091,
728,0.0625521267723,0.744787322769,0.561301084237,0.045871559633,0.589658048374,0.6647206005,0.0600500417014,0.569641367807,0.874061718098,0.830692243536,0.63469557965,0.690575479566,0.819849874896,0.886572143453,
729,0.95652173913,0.48602484472,0.972826086957,0.241459627329,0.660714285714,0.67701863354,0.502329192547,0.991459627329,0.303571428571,0.715062111801,0.887422360248,0.966614906832,0.604037267081,0.712732919255,0.471273291925,0.458850931677,
730,0.256450351837,0.974980453479,0.52228303362,0.659108678655,0.526192337764,0.478498827209,0.132916340891,0.699765441751,0.997654417514,
732,0.644635193133,
753,0.191836734694,0.969387755102,
754,0.324978392394,0.0553154710458,0.433880726016,0.433880726016,0.963699222126,0.942955920484,0.694036300778,
756,0.0750647109577,
757,0.411101474415,0.807458803122,
758,0.119581464873,0.831838565022,0.446935724963,0.576980568012,0.980568011958,0.540358744395,0.972346786248,0.54932735426,0.908071748879,0.943946188341,
759,0.947368421053,0.640768588137,0.65664160401,0.539682539683,0.864661654135,0.926482873851,0.977443609023,0.954051796157,
760,0.465707027942,0.939034716342,0.939034716342,
761,0.76950867052,0.76950867052,0.371387283237,0.570809248555,0.580924855491,0.50289017341,0.921965317919,
763,0.332568807339,0.673547400612,0.264525993884,0.318042813456,0.746177370031,0.581039755352,
797,0.222023276634,0.247985675918,0.289167412713,0.0734109221128,0.0680393912265,
802,0.467037331215,0.51072279587,0.623510722796,0.370929308975,
803,0.560592850915,0.153443766347,0.208369659983,
804,0.845833333333,0.883333333333,0.908333333333,0.2775,0.533333333333,
805,0.686504610226,0.87845766974,
806,0.920540997464,0.989010989011,0.67032967033,0.405748098056,0.467455621302,0.950972104818,0.998309382925,
807,0.640611724724,
809,0.317234848485,0.219696969697,
811,0.561157796452,0.914098972923,0.22502334267,0.262371615313,0.262371615313,0.263305322129,0.441643323996,0.548085901027,0.633986928105,0.283846872082,0.825396825397,
812,0.649741824441,
813,0.880952380952,0.0510204081633,0.549319727891,
815,0.753772290809,0.236625514403,0.486968449931,0.622085048011,0.980795610425,0.650891632373,0.816186556927,0.877914951989,0.404663923182,0.752400548697,0.535665294925,0.779835390947,0.775720164609,0.690672153635,0.911522633745,
816,0.479532163743,
817,0.782303370787,0.782303370787,0.198033707865,0.86095505618,0.983146067416,0.741573033708,0.522471910112,0.348314606742,0.418539325843,
819,0.946009389671,0.5,0.999217527387,0.87323943662,0.582942097027,0.64475743349,0.772300469484,0.679186228482,0.679186228482,0.83489827856,0.421752738654,0.427230046948,
820,0.622541603631,0.802571860817,0.0234493192133,0.92208774584,0.819213313162,0.904689863843,0.291225416036,0.655068078669,0.568835098336,0.465204236006,
821,0.498759305211,0.28370554177,0.656741108354,0.170388751034,0.294458229942,0.961952026468,0.387096774194,0.406120760959,0.79735318445,
822,0.96798652064,0.738837405223,0.656276326874,0.404380791912,0.959561920809,0.578770008425,
823,0.485537190083,0.656336088154,0.661157024793,0.754132231405,0.890495867769,0.707988980716,0.762396694215,0.152203856749,0.812672176309,0.296143250689,0.687327823691,0.746556473829,
824,0.85141509434,0.426100628931,0.426100628931,0.627358490566,0.752358490566,0.201257861635,0.891509433962,0.0896226415094,0.506289308176,0.733490566038,0.319182389937,0.704402515723,0.89072327044,0.871855345912,0.324685534591,
825,0.0710987996307,0.912280701754,
826,0.934615384615,0.646923076923,0.811538461538,
827,0.699838187702,0.638349514563,0.490291262136,0.720064724919,0.696601941748,0.526699029126,
828,0.892933618844,0.225553176303,0.926481084939,0.746609564597,0.450392576731,0.869379014989,0.478943611706,0.0963597430407,0.372591006424,0.591720199857,0.276231263383,0.230549607423,0.547466095646,0.795146324054,
829,0.970609845702,0.8670095518,0.710506980162,0.00881704628949,0.998530492285,0.767817781043,0.681116825863,0.166054371785,0.986039676708,0.675973548861,0.573108008817,0.698016164585,0.911094783248,0.952975753123,
830,0.850961538462,0.927083333333,0.344551282051,0.782051282051,0.352564102564,0.592147435897,1.0,0.729967948718,0.630608974359,0.384615384615,0.384615384615,0.866185897436,0.866185897436,0.846153846154,0.129006410256,0.0200320512821,0.741987179487,0.741987179487,0.504807692308,0.645032051282,0.882211538462,
832,0.451219512195,
833,0.395910780669,
835,1.0,
837,0.92784992785,0.88455988456,0.63924963925,0.541847041847,0.507936507937,0.410533910534,0.911976911977,0.937950937951,0.364357864358,0.551226551227,0.940836940837,0.694083694084,0.554834054834,0.874458874459,0.957431457431,0.623376623377,
839,0.438285291944,0.807834441981,
842,0.182348043297,
843,0.36231884058,
846,0.893634840871,0.302345058626,0.336683417085,
847,0.894017094017,
