6,0.399326032013,
64,0.0453808752026,
138,0.33971291866,0.997949419002,0.931647300068,
154,0.56049213944,0.511961722488,0.54955570745,0.64046479836,0.581681476418,0.794258373206,0.214627477785,0.760765550239,
155,0.88038277512,0.76965140123,0.670539986329,0.544087491456,0.544087491456,0.782638414217,
156,0.13601236476,
157,0.724137931034,0.822068965517,
158,0.335611756664,0.732057416268,0.357484620643,0.390977443609,0.933697881066,0.853725222146,0.801777170198,0.643882433356,
159,0.472317156528,0.261107313739,0.896103896104,0.928229665072,0.63978127136,0.839371155161,0.259056732741,
187,0.510594668489,0.287764866712,0.07997265892,0.812713602187,
189,0.251025991792,
196,0.309115832762,
197,0.790840738209,0.823650034176,0.822966507177,0.346548188653,0.892686261107,0.826384142174,0.767600820232,0.702665755297,0.936431989064,0.824333561176,0.925495557075,0.844839371155,
198,0.982911825017,0.829118250171,0.684894053315,0.716336295284,
199,0.78448867536,0.542896362388,
201,0.983870967742,0.835125448029,0.798387096774,0.579749103943,0.183691756272,
202,0.422024623803,0.408344733242,
203,0.82720333102,0.318528799445,0.87092297016,
204,0.919863013699,0.619178082192,
205,0.365686944634,0.954887218045,0.747778537252,0.843472317157,0.43950786056,0.820915926179,0.349282296651,0.724538619275,0.588516746411,0.547505126452,
206,0.632946001367,0.837320574163,0.547505126452,0.642515379357,0.265892002734,0.6001367054,0.415584415584,0.879015721121,
219,0.369313801079,
226,0.82980177717,0.903622693096,0.399179767601,
227,0.71939477304,0.980055020633,
229,0.480213089802,
230,0.303482587065,0.633262260128,0.597014925373,0.181236673774,0.043354655295,0.599857853589,0.519545131485,0.484719260839,0.873489694385,0.504619758351,0.859985785359,0.869936034115,0.497512437811,0.91329068941,0.944562899787,0.968017057569,0.93105899076,0.624022743426,0.74697938877,0.749822316986,0.701492537313,0.434257285004,0.772565742715,0.766169154229,0.601990049751,0.239516702203,0.975835110163,0.975835110163,0.356076759062,0.551528073916,0.456289978678,0.71855010661,0.487562189055,0.487562189055,0.487562189055,0.487562189055,0.443496801706,0.469793887704,0.932480454869,0.983653162758,0.754797441365,0.734186211798,0.714285714286,0.790334044065,0.740582800284,0.618336886994,
231,0.985645933014,0.367737525632,0.401913875598,0.970608339029,0.529049897471,0.197539302802,0.308954203691,0.749145591251,0.9002050581,0.72043745728,0.911141490089,
232,0.948051948052,0.429254955571,0.686261107314,0.356801093643,0.568694463431,0.598086124402,0.981544771018,0.619275461381,0.0553656869446,0.773069036227,
233,0.412698412698,
234,0.791381668947,0.151846785226,0.985636114911,0.976744186047,0.967852257182,0.383720930233,0.800273597811,0.55950752394,
235,0.915848527349,0.790322580645,0.431276297335,0.899719495091,0.416549789621,
236,0.587667161961,0.0104011887073,0.441307578009,0.358841010401,
237,0.913229018492,0.741109530583,0.749644381223,0.515647226174,0.842816500711,0.809388335704,0.519914651494,0.0213371266003,0.931009957326,0.258179231863,0.887624466572,0.186344238976,0.913940256046,
239,0.569974554707,0.566581849025,
240,0.749685534591,
241,0.372868217054,0.103100775194,
242,0.711340206186,
243,0.959647835657,0.569332355099,0.494497432135,0.873807776963,0.855465884079,0.0183418928833,0.974321349963,0.787967718269,0.825385179751,0.444607483492,0.552457813646,0.867204695525,0.870873074101,0.464416727806,0.478356566398,0.353631694791,0.584005869406,
244,0.309063893016,0.54234769688,0.507429420505,0.653789004458,
245,0.2,0.884892086331,0.963309352518,0.676258992806,0.294244604317,0.845323741007,0.895683453237,0.302158273381,0.928776978417,0.95035971223,0.885611510791,0.702877697842,0.58273381295,0.725179856115,0.514388489209,
246,0.275154004107,0.820670773443,0.289527720739,
247,0.858509911141,0.602870813397,0.0724538619275,0.0861244019139,0.627477785373,
248,0.0300751879699,0.785372522215,0.794941900205,0.394395078606,0.855775803144,0.540669856459,0.524265208476,0.524265208476,
249,0.286105407255,0.571526351814,0.417522245038,0.798767967146,0.557837097878,0.759069130732,0.111567419576,0.378507871321,0.915126625599,0.299110198494,
250,0.525632262474,0.406015037594,0.357484620643,0.092959671907,0.77990430622,0.354066985646,0.684894053315,0.453861927546,0.116883116883,0.422419685578,0.589200273411,0.783321941217,0.764866712235,0.686261107314,0.488721804511,0.923444976077,0.948051948052,0.997265892003,0.948735475051,
251,0.0438108484006,0.0556328233658,0.581363004172,0.844923504868,0.417941585535,0.699582753825,
253,0.405998536942,0.574981711778,
254,0.722529644269,0.755731225296,
256,0.98745819398,0.904682274247,0.69983277592,0.887123745819,0.867892976589,0.744147157191,
257,0.659858601728,0.317360565593,0.897879025923,
258,0.331136738056,0.331136738056,
259,0.995689655172,0.433620689655,0.433620689655,0.187931034483,0.152586206897,0.152586206897,0.650862068966,
260,0.838004101162,0.447710184552,0.584415584416,
261,0.742310321258,0.874914559125,
262,0.666438824334,0.876965140123,0.952836637047,0.326725905673,
263,0.131241084165,0.452924393723,0.735378031384,0.324536376605,0.830242510699,0.395863052782,0.984308131241,
264,0.271667880554,
265,0.004914004914,0.39312039312,
266,0.665972222222,0.550694444444,
267,0.756664388243,0.863294600137,0.502392344498,0.838687628161,0.817498291183,0.577580314422,0.74982911825,0.822966507177,
268,0.974025974026,0.311688311688,0.462064251538,0.234449760766,0.623376623377,0.648667122351,0.569377990431,0.381408065619,0.368421052632,0.605604921394,
269,0.431665421957,0.161314413742,0.415982076176,0.924570575056,0.65646004481,
271,0.655076495132,0.804589707928,
272,0.0979532163743,0.551900584795,
273,0.521438450899,0.844398340249,0.702627939142,0.703319502075,0.5622406639,
274,0.935748462064,0.935748462064,0.337662337662,0.649350649351,0.351332877649,0.481203007519,0.868762816131,0.488038277512,0.488038277512,0.202323991798,0.202323991798,0.99043062201,0.73957621326,0.73957621326,0.73957621326,0.73957621326,0.876965140123,0.752563226247,0.609022556391,0.919343814081,0.745727956254,
275,0.980861244019,0.672590567327,0.593301435407,0.0164046479836,0.591934381408,0.738892686261,0.421736158578,0.92959671907,0.857826384142,0.522898154477,0.496240601504,0.561175666439,0.866028708134,0.368421052632,0.812030075188,0.587833219412,0.802460697198,0.246069719754,
276,0.481532147743,0.15731874145,0.790697674419,
277,0.891319207109,0.734107997266,0.634313055366,0.890635680109,0.531100478469,0.550922761449,0.377306903623,
278,0.333789329685,0.668262653899,0.893980848153,0.770177838577,0.991108071135,0.639534883721,
279,0.732057416268,0.222829801777,0.416267942584,0.482570061517,0.822966507177,0.857826384142,0.789473684211,0.221462747779,0.951469583049,0.428571428571,0.712918660287,0.856459330144,0.300751879699,
280,0.504442925496,0.9002050581,0.633629528366,0.633629528366,0.360902255639,0.360902255639,
281,0.861244019139,0.655502392344,0.874914559125,0.967190704033,0.25017088175,0.887901572112,0.245386192755,0.245386192755,
282,0.485987696514,0.587833219412,0.92002734108,0.537935748462,0.77990430622,0.552289815448,0.794941900205,0.287081339713,0.935748462064,0.591250854409,0.401230348599,0.98974709501,
283,0.608339029392,0.238550922761,0.648667122351,0.464114832536,0.431989063568,0.431989063568,0.714969241285,0.714969241285,0.702665755297,0.47026657553,0.965140123035,0.572112098428,0.817498291183,0.936431989064,0.545454545455,0.545454545455,0.545454545455,0.545454545455,0.545454545455,0.81954887218,0.747095010253,0.794941900205,
284,0.863294600137,0.818181818182,0.787423103213,0.396445659604,0.366370471634,0.713602187286,0.334928229665,0.85987696514,0.231715652768,0.766917293233,0.803827751196,0.684894053315,
285,0.82980177717,0.943950786056,0.816131237184,0.946684894053,0.977443609023,0.764183185236,0.764183185236,0.526315789474,0.336978810663,0.704032809296,0.481203007519,0.00956937799043,0.466165413534,
286,0.445680068435,0.087254063302,0.198460222412,0.698887938409,0.762189905902,0.109495295124,0.366124893071,0.548331907613,0.0102651839179,
287,0.391174270755,0.938668661182,0.225130890052,0.77636499626,0.931937172775,0.00523560209424,0.867614061331,
288,0.823192555476,0.812455261274,0.670007158196,
289,0.50991114149,0.333561175666,0.222829801777,0.373889268626,0.248803827751,0.93984962406,0.93984962406,0.832535885167,0.0266575529733,0.493506493506,0.914559125085,0.251537935748,0.789473684211,0.747095010253,
290,0.352016404648,0.914559125085,0.701982228298,0.958304853042,0.909090909091,0.813397129187,0.807928913192,0.757347915243,
291,0.987012987013,0.908407382092,0.988380041012,0.965823650034,0.168831168831,0.555707450444,0.397129186603,0.882433356118,0.428571428571,0.462064251538,0.782638414217,0.738209159262,0.815447710185,0.684894053315,
292,0.863603209336,
293,0.660970608339,0.945317840055,0.982911825017,0.784005468216,0.777170198223,0.650717703349,0.717703349282,0.632946001367,
294,0.894053315106,0.95967190704,0.977443609023,0.747095010253,0.871496924129,0.673957621326,0.604237867396,0.396445659604,0.894736842105,0.962406015038,0.953520164046,0.831852358168,0.867395762133,0.867395762133,0.403280929597,0.663704716336,0.866028708134,0.63978127136,0.777170198223,0.725222146275,0.810663021189,0.766233766234,0.250854408749,0.91045796309,
295,0.385509227614,0.49008885851,0.807245386193,0.732057416268,0.0492139439508,0.803144224197,0.447710184552,0.969241285031,0.485987696514,
296,0.746300211416,0.405214940099,0.179704016913,0.252995066949,0.836504580691,0.982381959126,
297,0.734791524265,0.892686261107,0.867395762133,0.730690362269,0.943950786056,0.916609706083,0.613807245386,0.592617908407,0.856459330144,0.727956254272,0.84962406015,0.79015721121,0.728639781271,
298,0.407382091593,0.936431989064,0.877648667122,0.912508544087,0.687628161312,0.46958304853,
299,0.967190704033,0.747778537252,0.883800410116,0.613807245386,0.511278195489,
300,0.797676008202,0.749145591251,0.915926179084,0.529049897471,0.907040328093,0.843472317157,0.622693096377,0.114149008886,0.786056049214,0.39029391661,0.714969241285,0.415584415584,0.654818865345,0.0464798359535,
301,0.98017771702,0.63021189337,0.476418318524,0.0868079289132,
302,0.727272727273,0.939166097061,0.982911825017,0.653451811347,0.961722488038,0.888585099111,0.233082706767,0.540669856459,0.707450444293,0.298017771702,0.998632946001,0.920710868079,0.712918660287,
303,0.976076555024,0.704716336295,0.457279562543,0.319207108681,0.808612440191,0.177033492823,0.780587833219,0.864661654135,0.913192071087,0.956254272044,0.845522898154,0.858509911141,0.683526999316,0.787423103213,0.925495557075,0.987012987013,0.987012987013,0.862611073137,0.377990430622,0.598086124402,
304,0.818865345181,0.742993848257,0.881749829118,0.616541353383,0.531100478469,0.522214627478,0.902939166097,0.58988380041,0.578947368421,0.9002050581,0.783321941217,0.0847573479152,0.565960355434,0.593984962406,0.648667122351,0.905673274094,0.531784005468,0.803827751196,0.494873547505,0.914559125085,0.795625427204,0.46958304853,
305,0.750176928521,0.478414720453,0.925690021231,0.916489738146,0.629157820241,0.953290870488,0.125973106865,0.506723283793,
306,0.5536,0.5536,
308,0.261238337574,0.679389312977,0.270568278202,0.692111959288,0.638676844784,0.651399491094,0.750636132316,0.559796437659,
310,0.984962406015,0.988380041012,0.432672590567,0.479152426521,
311,0.287764866712,0.707450444293,0.671223513329,0.685577580314,0.903622693096,0.601503759398,0.79015721121,0.818865345181,0.283663704716,0.437457279563,0.698564593301,0.243335611757,
312,0.812713602187,0.947368421053,0.778537252221,0.847573479152,0.347231715653,0.375256322625,0.95967190704,0.844839371155,0.256322624744,0.952153110048,0.85030758715,0.92002734108,
313,0.501289767842,0.252794496991,
314,0.715652768284,0.583048530417,0.246753246753,0.840738209159,0.881749829118,
315,0.556390977444,0.904306220096,
316,0.652084757348,0.696514012303,0.614490772386,0.667122351333,0.93984962406,0.902255639098,0.851674641148,0.374572795625,0.976076555024,0.722488038278,0.485304169515,0.913875598086,
317,0.252904989747,0.544771018455,0.832535885167,0.393028024607,0.727272727273,0.740943267259,
318,0.441844459738,0.624225739849,0.697178251893,0.732278045423,0.814865794907,0.405368203716,0.357880247763,0.514108740537,
319,0.569377990431,0.85030758715,0.533834586466,
320,0.592617908407,0.66985645933,0.606971975393,0.0704032809296,0.0984278879016,0.984962406015,0.874231032126,
322,0.740943267259,0.907040328093,0.26042378674,0.918660287081,0.743677375256,0.671907040328,0.572795625427,0.65003417635,0.704032809296,0.613123718387,0.999316473001,0.503759398496,0.570745044429,0.487354750513,0.925495557075,
323,0.967897271268,0.967897271268,0.967897271268,0.967897271268,0.960674157303,
325,0.830357142857,0.830357142857,0.830357142857,0.830357142857,0.830357142857,0.488324175824,
327,0.70462633452,
328,0.923076923077,
329,0.849436392915,0.707729468599,0.661835748792,
330,0.62938230384,0.893989983306,0.761268781302,0.843906510851,
333,0.164502164502,
334,0.624742268041,
335,0.604921394395,0.239234449761,0.938482570062,
336,0.866712235133,0.676008202324,0.676008202324,0.593301435407,0.643882433356,0.27956254272,0.955570745044,0.964456596036,
337,0.688011913626,0.401340282949,0.896500372301,0.896500372301,0.602382725242,0.972449739389,0.271779597915,0.839166046165,0.921816827997,0.396128071482,0.933730454207,
338,0.600145666424,0.580480699199,0.918426802622,0.625637290605,0.756008739985,0.876183539694,0.93372177713,0.953386744355,0.927895120175,0.233794610342,0.273852876912,0.926438455936,0.870356882739,0.642388929352,0.395484340859,0.573197378004,
339,0.626404494382,0.712780898876,0.5625,0.418539325843,0.418539325843,0.521769662921,0.620084269663,0.629915730337,0.814606741573,0.663623595506,0.813202247191,0.676966292135,
340,0.676712328767,
341,0.722695035461,0.489361702128,0.489361702128,0.821276595745,0.0553191489362,0.692907801418,0.577304964539,0.879432624113,0.756737588652,0.496453900709,0.967375886525,0.936879432624,0.246808510638,0.556737588652,0.928368794326,0.795035460993,0.887943262411,
342,0.519480519481,0.708133971292,
343,0.765550239234,0.958988380041,0.746411483254,0.771701982228,0.481886534518,0.861927546138,0.647983595352,0.276828434723,0.891319207109,0.993848257006,0.924812030075,0.970608339029,0.828434723172,
344,0.892686261107,0.77033492823,0.652768284347,0.832535885167,0.468215994532,
345,0.0305555555556,0.685416666667,0.709027777778,
346,0.928772919605,0.231311706629,0.978138222849,0.330042313117,0.447813822285,
347,0.195622435021,0.570451436389,0.866621067031,0.790697674419,
348,0.756499133449,
349,0.907627711686,0.770468859342,0.722883135059,0.812456263121,0.98600419874,
351,0.341009743136,0.348095659876,
352,0.19014573213,0.854267869535,
353,0.887901572112,0.596035543404,0.949419002051,0.965140123035,0.940533151059,
354,0.735475051265,
355,0.481203007519,0.617908407382,0.989063568011,0.696514012303,
356,0.701298701299,0.937115516063,0.901572112098,0.562542720437,0.654818865345,0.528366370472,0.857826384142,0.784688995215,0.467532467532,0.371155160629,0.96992481203,0.898154477102,
357,0.680714285714,0.464285714286,0.812857142857,0.287142857143,0.587142857143,0.387857142857,
358,0.118250170882,0.136705399863,0.691045796309,
359,0.747095010253,0.200956937799,0.794941900205,0.537252221463,0.717703349282,0.623376623377,0.839371155161,0.630895420369,0.448393711552,0.88995215311,0.829118250171,0.46001367054,0.317840054682,0.0157211209843,0.479152426521,0.505809979494,0.277511961722,0.407382091593,
360,0.312741312741,0.938996138996,0.650965250965,0.685714285714,0.57528957529,0.621621621622,0.938223938224,0.527413127413,
361,0.880658436214,0.594650205761,0.90329218107,0.606995884774,0.890946502058,0.969821673525,0.398491083676,0.829218106996,0.278463648834,0.477366255144,0.809327846365,0.840877914952,0.900548696845,0.440329218107,0.539780521262,0.567215363512,0.232510288066,0.296982167353,0.655006858711,0.936899862826,0.845679012346,
362,0.37559429477,0.226624405705,
363,0.593390804598,0.257902298851,0.627873563218,
364,0.81228956229,0.822390572391,0.474747474747,0.901515151515,0.131313131313,0.584175084175,0.76936026936,0.846801346801,
365,0.956889264582,0.626373626374,0.775147928994,0.231614539307,0.181741335587,0.566356720203,
366,0.957621326042,0.974025974026,0.301435406699,0.379357484621,0.65003417635,0.617224880383,0.822282980178,0.323991797676,0.557074504443,0.287764866712,0.590567327409,0.327409432673,0.921394395079,0.524948735475,0.918660287081,0.211893369788,0.452494873548,
367,0.855223880597,
368,0.400420757363,0.460729312763,0.441093969144,0.650070126227,0.210378681627,0.795932678822,0.961430575035,0.981065918654,0.368162692847,0.493688639551,0.286816269285,0.431276297335,
369,0.569844789357,0.0458240946046,0.762010347376,0.390243902439,
370,0.744282744283,0.999306999307,0.774774774775,
371,0.857826384142,0.890635680109,0.74982911825,0.8995215311,0.403964456596,0.748462064252,0.58031442242,0.446343130554,0.932330827068,0.808612440191,0.632946001367,0.257006151743,0.493506493506,
372,0.670511896179,
373,0.886145404664,0.905349794239,0.598765432099,0.331275720165,0.548696844993,0.347050754458,
376,0.867078825348,0.957496136012,0.12828438949,0.146058732612,0.715610510046,
377,0.797366495977,0.592538405267,0.96342355523,0.972933430871,0.485003657644,0.232626188734,
378,0.95859375,0.634375,0.31640625,0.51953125,0.9765625,
379,0.304384485666,0.307757166948,
380,0.572112098428,0.717019822283,0.866712235133,0.50991114149,0.978810663021,0.809295967191,0.686261107314,0.755297334245,0.343130553657,0.39029391661,0.658920027341,
381,0.130553656869,0.76965140123,0.751879699248,0.550922761449,0.992481203008,0.937115516063,0.66028708134,0.663021189337,
382,0.52973342447,0.919343814081,0.489405331511,0.868762816131,0.894053315106,0.403280929597,0.0738209159262,0.829118250171,0.248120300752,0.639097744361,0.634996582365,
383,0.863978127136,0.595352016405,0.587833219412,0.0635680109364,0.422419685578,0.835269993165,0.841421736159,0.291866028708,0.289131920711,0.194121667806,0.784005468216,0.471633629528,0.843472317157,0.430622009569,
384,0.528301886792,0.638714185884,0.410901467505,0.332634521314,0.82320055905,0.433263452131,
386,0.69889298893,0.90184501845,0.836162361624,
387,0.0305454545455,0.0843636363636,0.684363636364,0.215272727273,0.700363636364,0.450181818182,0.852363636364,0.797818181818,0.569454545455,0.0581818181818,
388,0.385684503127,0.917303683113,0.877692842252,0.890201528839,0.972202918694,0.584433634468,0.381514940931,0.938846421126,0.826268241835,0.166087560806,0.929117442669,0.570535093815,0.829047949965,0.205003474635,0.567755385685,0.792911744267,0.899235580264,0.683808200139,0.740097289785,0.870743571925,0.698401667825,
389,0.873461012312,0.889192886457,0.666210670315,0.618331053352,0.663474692202,0.915868673051,
390,0.866764275256,0.937774524158,0.653733528551,0.86383601757,0.798682284041,0.846266471449,0.919472913616,0.590043923865,0.582723279649,0.849926793558,0.330893118594,
391,0.970791698693,
392,0.896212121212,0.910606060606,0.864393939394,0.781060606061,
393,0.501708817498,0.649350649351,0.978127136022,0.598769651401,0.697197539303,0.824333561176,0.858509911141,0.547505126452,0.58988380041,0.589200273411,0.748462064252,0.766233766234,0.438824333561,0.498974709501,0.903622693096,0.30963773069,0.871496924129,0.65960355434,0.58031442242,0.559125085441,0.887218045113,0.827751196172,0.435406698565,0.989063568011,0.5003417635,0.825700615174,0.570745044429,0.863294600137,0.665755297334,
394,0.54955570745,0.916609706083,0.87969924812,0.553656869446,0.593301435407,0.130553656869,0.967874231032,0.384142173616,0.984962406015,0.883116883117,0.663704716336,0.931647300068,0.874231032126,0.732057416268,0.815447710185,0.375256322625,
395,0.515379357485,0.461380724539,0.516746411483,0.434723171565,0.0874914559125,0.467532467532,0.137388926863,0.661654135338,0.587149692413,0.948735475051,0.958988380041,0.584415584416,0.831852358168,0.816131237184,0.95967190704,0.462747778537,0.497607655502,0.66985645933,0.804511278195,0.721804511278,0.429254955571,0.547505126452,0.590567327409,0.622009569378,0.622009569378,0.649350649351,0.456596035543,0.898838004101,0.817498291183,0.673957621326,
396,0.570745044429,0.164046479836,0.537252221463,0.431305536569,0.504442925496,0.753930280246,0.908407382092,
397,0.840379008746,0.878279883382,0.731778425656,0.997813411079,0.558309037901,0.652332361516,
398,0.308695652174,0.964492753623,0.859420289855,0.963768115942,0.691304347826,0.773913043478,0.905072463768,0.642753623188,0.70652173913,0.494927536232,0.358695652174,0.566666666667,0.879710144928,0.292028985507,0.577536231884,0.973913043478,0.795652173913,0.638405797101,0.757246376812,
399,0.719167904903,0.836552748886,0.898216939079,0.388558692422,0.724368499257,
400,0.960526315789,0.825292397661,0.393274853801,0.919590643275,0.83918128655,0.658625730994,
401,0.380724538619,0.368421052632,0.574846206425,0.723855092276,0.419002050581,
402,0.743034055728,0.791021671827,
403,0.374729241877,0.221660649819,0.197111913357,0.966064981949,0.397833935018,0.447653429603,0.562454873646,0.890974729242,
404,0.988372093023,0.810533515732,0.819425444596,0.34952120383,0.651162790698,0.445280437756,0.771545827633,0.093023255814,0.781121751026,0.96853625171,0.736662106703,0.886456908345,
405,0.730637422892,0.975325565456,0.549006168609,0.813570938999,0.885538039753,0.858122001371,0.833447566827,0.943797121316,0.795750514051,0.590130226182,0.434544208362,0.509252912954,0.482522275531,0.216586703221,
406,0.831168831169,0.436090225564,0.596719070403,0.506493506494,0.822966507177,0.868079289132,0.257006151743,0.777853725222,0.619275461381,0.622693096377,0.820915926179,0.6001367054,0.867395762133,0.585782638414,0.622009569378,0.681476418319,0.912508544087,0.732057416268,0.976076555024,0.906356801094,0.325358851675,0.860560492139,0.0232399179768,0.933697881066,0.955570745044,0.671907040328,0.876965140123,0.468215994532,0.843472317157,0.261790840738,0.665755297334,0.589200273411,
407,0.394285714286,0.635,0.44,
408,0.412676056338,0.242957746479,0.89014084507,0.857746478873,0.742253521127,0.356338028169,0.820422535211,0.842253521127,0.478169014085,
409,0.53347427766,0.521494009866,0.739252995067,0.991543340381,0.409443269908,
411,0.285518188058,0.700754975978,0.700754975978,0.663692518874,0.696636925189,0.664378860673,0.859986273164,0.0247083047358,0.668496911462,0.906657515443,0.855868222375,0.603294440631,0.735758407687,0.508579272478,
412,0.586278586279,0.76437976438,0.800415800416,0.954261954262,0.338877338877,0.574497574498,0.723492723493,0.666666666667,0.828135828136,0.740124740125,0.662508662509,
413,0.818383988139,0.424759080801,0.785025945145,0.26019273536,0.307635285397,
414,0.684087363495,0.614664586583,0.475819032761,0.972698907956,0.386895475819,0.383775351014,0.41263650546,0.509360374415,
415,0.354972375691,0.0483425414365,0.795580110497,0.872928176796,0.71546961326,0.617403314917,0.975828729282,0.709944751381,0.301104972376,0.414364640884,0.520027624309,0.92679558011,0.694060773481,0.697513812155,0.387430939227,0.571132596685,
416,0.891213389121,0.908647140865,0.905160390516,0.607391910739,
417,0.682843472317,0.993848257006,0.786056049214,0.466848940533,0.345864661654,0.379357484621,0.58031442242,0.906356801094,
418,0.665755297334,0.845522898154,0.87012987013,0.168831168831,0.975393028025,0.989063568011,0.9002050581,0.788790157211,0.511278195489,0.47026657553,0.631578947368,0.752563226247,
419,0.82905982906,0.646011396011,0.661680911681,0.809116809117,0.791310541311,0.212250712251,0.437321937322,0.577635327635,0.79415954416,0.90811965812,0.772792022792,0.0163817663818,0.992165242165,
420,0.436933797909,0.84668989547,0.919860627178,0.81393728223,0.906620209059,
421,0.706210746685,0.88206559665,0.679692951849,0.692951849267,
422,0.963089542037,0.595352016405,
423,0.751196172249,0.466165413534,0.950786056049,0.883116883117,0.421736158578,0.764866712235,0.85987696514,0.585782638414,
424,0.962892483349,0.888677450048,0.450999048525,0.669838249286,0.980970504282,0.880114176974,0.290199809705,
425,0.74025974026,0.61038961039,0.882433356118,
426,0.62746585736,0.313353566009,0.578148710167,0.965857359636,0.891502276176,0.0440060698027,0.361153262519,0.761001517451,0.619878603945,0.371016691958,0.6062215478,0.496206373293,0.428679817906,0.373292867982,0.484825493171,0.229135053111,
427,0.706083390294,0.555023923445,0.974025974026,0.974025974026,0.514012303486,0.682843472317,
428,0.0649350649351,0.598086124402,0.700615174299,0.84962406015,0.982228298018,0.93028024607,0.871496924129,0.250854408749,0.635680109364,0.376623376623,0.43950786056,0.269309637731,0.683526999316,
429,0.966230186079,0.0737422467264,0.518263266713,0.891798759476,
430,0.715652768284,0.973342447027,0.964456596036,0.891319207109,0.773069036227,0.535201640465,0.474367737526,0.857142857143,0.276144907724,0.287081339713,0.343130553657,
431,0.741912798875,0.563291139241,0.203938115331,
432,0.805194805195,0.807245386193,
433,0.666438824334,0.247436773753,
434,0.915242652085,0.861244019139,0.862611073137,0.251537935748,0.817498291183,0.887901572112,0.889268626111,0.764866712235,0.68010936432,
435,0.544771018455,0.524265208476,0.997949419002,0.318523581681,0.87969924812,0.697881066302,0.851674641148,
436,0.91045796309,0.95967190704,
437,0.636798905609,0.21682626539,0.465800273598,0.375512995896,0.321477428181,0.593023255814,
438,0.840738209159,0.906356801094,0.784688995215,0.766917293233,0.516746411483,0.648667122351,
439,0.860465116279,0.897400820793,0.859781121751,0.435704514364,
440,0.609022556391,0.721804511278,0.341763499658,0.0369104579631,0.922761449077,0.948735475051,0.627477785373,0.868762816131,
441,0.498291182502,0.84005468216,0.944634313055,0.891319207109,0.876281613124,0.403964456596,0.85987696514,0.954887218045,0.889268626111,0.26999316473,0.853725222146,
442,0.451127819549,0.0533151059467,0.41968557758,0.608339029392,
443,0.397812713602,0.891319207109,0.881066302119,0.867395762133,0.842788790157,
444,0.805194805195,0.358168147642,
445,0.832076764907,0.892392049349,0.942426319397,
446,0.581395348837,0.03146374829,0.411080711354,
447,0.380756013746,0.709278350515,0.794501718213,0.388316151203,0.905841924399,0.26116838488,0.141580756014,0.310652920962,0.383505154639,0.709965635739,0.0604810996564,0.628178694158,0.646048109966,
448,0.211095100865,0.947406340058,0.404899135447,0.881844380403,
449,0.867450980392,0.596862745098,0.861960784314,0.601568627451,0.465882352941,0.502745098039,0.57568627451,0.343529411765,0.149019607843,
450,0.873356401384,0.112110726644,0.840830449827,0.63044982699,0.514186851211,0.718339100346,0.520415224913,0.8,
451,0.558441558442,
452,0.526970954357,0.320193637621,
453,0.641509433962,0.609579100145,0.709724238026,0.0290275761974,0.38824383164,
454,0.373634945398,0.836973478939,0.14976599064,0.553042121685,0.535101404056,0.374414976599,
455,0.556623198353,0.91146190803,0.908030199039,0.854495538778,0.663006177076,0.337680164722,0.646533973919,0.979409746054,0.53466026081,0.801647220316,0.577899794097,0.984900480439,0.431022649279,0.95401509952,0.775566231984,0.740562800275,0.610157858614,
456,0.671223513329,0.406698564593,0.642515379357,0.657552973342,0.851674641148,0.779220779221,0.323308270677,
458,0.417348608838,0.963993453355,
459,0.904989747095,
460,0.744360902256,0.921394395079,0.56049213944,0.528366370472,0.701982228298,0.753930280246,0.244019138756,0.468899521531,0.593984962406,0.106630211893,0.459330143541,
461,0.421736158578,0.846889952153,0.464798359535,
462,0.935748462064,0.0704032809296,0.736158578264,0.8004101162,0.827067669173,0.917976760082,0.587833219412,0.784005468216,0.574162679426,0.681476418319,0.855092276145,0.248120300752,0.845522898154,0.116883116883,0.768284347232,0.846206425154,0.317840054682,0.971975393028,0.568694463431,0.568694463431,0.84005468216,0.348598769651,0.65003417635,0.218045112782,0.365686944634,0.798359535202,
463,0.949384404925,0.91244870041,0.96169630643,0.0198358413133,
464,0.557916381083,0.666209732694,0.636737491432,
465,0.927446954141,0.37029431896,0.308692676249,0.407255304586,0.815195071869,
466,0.0830860534125,0.804896142433,0.920623145401,0.88056379822,0.771513353116,0.741839762611,
467,0.954203691046,0.8004101162,0.617908407382,0.334928229665,0.695146958305,0.694463431306,0.790840738209,0.903622693096,0.394395078606,0.233082706767,0.431989063568,0.896787423103,
468,0.572795625427,0.0970608339029,
469,0.950786056049,0.968557758031,0.952153110048,0.952153110048,0.952153110048,0.952153110048,0.509227614491,0.570745044429,0.714969241285,
470,0.74025974026,0.780587833219,0.393028024607,0.634996582365,0.475051264525,
471,0.949419002051,0.71975393028,0.764866712235,
472,0.729323308271,0.985645933014,0.857826384142,0.718386876282,0.730690362269,0.427887901572,0.44019138756,
473,0.936388508892,0.455540355677,0.231190150479,0.44049247606,0.406292749658,0.426812585499,
474,0.60970608339,0.663021189337,0.853725222146,0.342447026658,0.082023239918,0.827067669173,0.256322624744,0.410799726589,0.427204374573,0.913192071087,
475,0.238714090287,0.667578659371,0.24487004104,0.675102599179,0.617647058824,0.330369357045,0.635430916553,0.350205198358,
476,0.406698564593,0.8004101162,0.835269993165,0.714969241285,0.943267259057,0.911141490089,0.294600136705,0.336978810663,0.691045796309,0.808612440191,0.680792891319,0.798359535202,0.953520164046,0.565960355434,0.976076555024,0.361585782638,0.397812713602,0.893369788107,0.816814764183,0.816814764183,0.732740943267,0.343814080656,0.763499658237,
478,0.98423577793,0.928032899246,
479,0.838004101162,0.705399863295,0.77033492823,0.844839371155,0.536568694463,0.967874231032,0.636363636364,
480,0.426520847573,0.963089542037,
482,0.201640464798,0.803827751196,0.866028708134,0.514695830485,0.632262474368,0.303485987697,0.860560492139,0.570745044429,0.494190020506,0.666438824334,0.6999316473,0.934381408066,0.569377990431,0.242652084757,0.793574846206,0.762816131237,0.632946001367,
483,0.847691247416,0.591316333563,0.585802894555,0.685733976568,0.751895244659,
484,0.316642120766,0.49852724595,0.245213549337,0.648011782032,0.39175257732,0.583946980854,0.246686303387,0.439617083947,0.427098674521,0.944035346097,
485,0.521834061135,0.696506550218,0.626637554585,0.602620087336,0.350072780204,0.681222707424,
486,0.408743927828,0.751561415684,0.713393476752,0.088133240805,0.648854961832,0.368494101319,0.744621790423,0.817487855656,
487,0.838687628161,0.592617908407,0.87969924812,0.711551606288,0.76965140123,
488,0.752563226247,0.198222829802,0.171565276828,0.851674641148,0.765550239234,0.658920027341,0.58031442242,0.82980177717,0.577580314422,0.937115516063,
493,0.877648667122,0.447710184552,0.894053315106,0.837320574163,0.957621326042,
494,0.673957621326,0.691045796309,0.864661654135,0.272727272727,0.656185919344,0.463431305537,
495,0.728846153846,0.469230769231,0.815384615385,
496,0.796064400716,
499,0.960328317373,0.27975376197,0.27975376197,0.358413132695,0.358413132695,0.794801641587,0.591655266758,0.71340629275,0.811901504788,0.753761969904,
500,0.778537252221,0.516746411483,0.928913192071,0.719070403281,0.65003417635,0.524948735475,0.383458646617,0.887901572112,0.522214627478,0.0792891319207,0.161995898838,0.39029391661,
501,0.810663021189,0.704716336295,0.442241968558,0.522214627478,0.228981544771,0.987012987013,0.81954887218,0.825700615174,0.0170881749829,0.0170881749829,0.0170881749829,0.0170881749829,0.0170881749829,0.528366370472,0.384142173616,0.926179084074,0.727956254272,0.754613807245,0.507177033493,0.521531100478,0.945317840055,0.17019822283,0.741626794258,0.65960355434,0.684210526316,
502,0.868079289132,0.868079289132,0.507177033493,0.77990430622,0.768967874231,0.531784005468,
503,0.963623884695,0.810569663693,0.68085106383,
504,0.698564593301,0.038961038961,0.757347915243,0.132604237867,0.864661654135,0.985645933014,
505,0.607655502392,0.451811346548,0.863978127136,0.436090225564,0.93028024607,0.764866712235,0.153793574846,
506,0.197212543554,0.609059233449,0.889895470383,0.689895470383,0.996515679443,
507,0.924128503076,0.252904989747,0.638414217362,0.969241285031,0.982228298018,0.656185919344,0.922761449077,0.660970608339,0.785372522215,0.283663704716,0.775803144224,0.315789473684,0.831168831169,0.68967874231,0.671223513329,0.818865345181,0.921394395079,0.515379357485,0.926179084074,0.455228981545,
508,0.747778537252,0.602187286398,0.658236500342,0.714969241285,0.26042378674,0.794941900205,0.282296650718,0.83048530417,
509,0.868673050616,0.68194254446,0.177154582763,0.562243502052,0.3707250342,0.519151846785,0.270861833105,
510,0.989056087551,0.740766073871,0.843365253078,
511,0.352699931647,0.87012987013,
512,0.780587833219,
513,0.396445659604,0.825017088175,0.378673957621,0.860560492139,0.883800410116,0.985645933014,
514,0.85859375,0.44921875,
515,0.550069541029,0.478442280946,0.505563282337,0.933936022253,0.0563282336579,0.730180806676,
516,0.680497925311,0.778008298755,0.755878284924,0.477869986169,0.552558782849,0.580221300138,0.43153526971,
518,0.689513365319,0.0150788211103,0.410555174777,0.393420150788,0.945167923235,0.579163810829,0.814256339959,0.664838930775,0.287868403016,
519,0.717436250861,0.368711233632,0.965541006203,0.37422467264,0.725706409373,0.903514817367,0.966230186079,0.605789110958,0.772570640937,0.0675396278429,
520,0.659372720642,0.175054704595,0.851932895697,
521,0.801777170198,0.792891319207,0.982228298018,0.961722488038,0.861244019139,0.533151059467,0.77990430622,0.505809979494,0.609022556391,0.761449077239,0.941216678059,0.29049897471,0.662337662338,0.248803827751,0.447026657553,
522,0.859243697479,0.872549019608,0.988095238095,0.903361344538,0.585434173669,0.896358543417,0.419467787115,
523,0.297106563162,0.771347918137,0.488355681016,0.796753705011,0.475652787579,0.0374029640085,0.708539167255,
524,0.997949419002,0.826384142174,0.0827067669173,0.846206425154,0.812713602187,0.954203691046,
525,0.866028708134,0.28024606972,
526,0.893223819302,0.444900752909,0.731690622861,0.631074606434,
527,0.820670773443,0.132101300479,0.679671457906,
528,0.712235133288,
529,0.320574162679,0.902939166097,0.644565960355,0.675324675325,0.976760082023,0.773752563226,0.998632946001,0.732740943267,
531,0.731441048035,0.839883551674,
532,0.38652207591,0.20604182804,0.668474051123,
533,0.482962962963,0.847407407407,0.205925925926,
534,0.652768284347,0.494190020506,0.256322624744,0.95967190704,0.657552973342,0.283663704716,0.414217361586,0.475734791524,0.900888585099,0.746411483254,0.342447026658,0.753246753247,0.764866712235,0.566643882433,0.428571428571,0.782638414217,0.637730690362,0.774436090226,0.947368421053,0.835953520164,0.974025974026,0.784688995215,0.794941900205,0.855092276145,0.855092276145,0.244019138756,0.123034859877,0.587149692413,0.814764183185,0.8004101162,0.77033492823,0.826384142174,
535,0.195622435021,0.666894664843,0.634062927497,0.606703146375,0.683310533516,0.677838577291,0.794801641587,0.879616963064,0.369357045144,
536,0.302442528736,0.336206896552,0.956896551724,0.871408045977,0.765804597701,0.445402298851,0.627155172414,0.524425287356,0.742816091954,0.898706896552,0.82974137931,
537,0.858626198083,
538,0.846206425154,0.565276828435,
539,0.347231715653,0.816131237184,0.738892686261,0.912508544087,
540,0.780774550484,
541,0.846278317152,0.00566343042071,0.266181229773,0.292071197411,0.582524271845,0.647249190939,0.165857605178,0.561488673139,0.724919093851,
542,0.935508345979,0.983308042489,
543,0.381116471399,0.906960716747,0.715368711234,0.809786354238,0.905582356995,0.977257064094,0.829083390765,
544,0.809295967191,0.293916609706,0.818865345181,0.705399863295,0.967190704033,0.866712235133,0.703349282297,0.87012987013,0.989063568011,0.790840738209,0.056049213944,0.74025974026,0.722488038278,0.678058783322,0.673957621326,0.642515379357,0.946001367054,0.740943267259,0.947368421053,0.77033492823,0.270676691729,0.778537252221,0.966507177033,0.777853725222,
545,0.338255977496,0.436005625879,0.810829817159,0.215893108298,0.396624472574,0.71800281294,
546,0.506666666667,0.848148148148,0.928148148148,0.655555555556,0.896296296296,0.503703703704,0.526666666667,
547,0.627827278958,0.423577793009,0.915010281014,0.663468128855,0.112405757368,
548,0.777777777778,
549,0.49659348978,0.340651021953,0.752460257381,
550,0.518382352941,0.633823529412,0.366911764706,0.226470588235,0.690441176471,0.455882352941,
551,0.871396895787,0.415373244642,0.538802660754,0.582409460458,0.764227642276,0.856614929786,0.49593495935,0.60162601626,0.953436807095,0.792313377679,0.875831485588,0.883961566888,0.152254249815,0.640798226164,0.762010347376,0.952697708795,
552,0.965567765568,0.734798534799,0.280586080586,0.610989010989,0.641758241758,0.391208791209,0.701098901099,0.463003663004,0.284249084249,0.446886446886,0.762637362637,0.673992673993,0.399267399267,0.718681318681,0.871062271062,0.488644688645,0.416117216117,
553,0.22966507177,
554,0.330827067669,0.615174299385,
555,0.371205550737,0.665221162186,
556,0.741097208855,
557,0.813622754491,0.919910179641,
558,0.77760375881,
559,0.493045897079,0.590403337969,0.71140472879,0.624478442281,0.678025034771,0.302503477051,
560,0.546821599453,0.842105263158,
561,0.526203966006,0.797450424929,
562,0.0826086956522,
563,0.993848257006,0.474367737526,0.643198906357,0.563226247437,
564,0.902710215427,0.896455872133,0.590687977762,0.632383599722,
565,0.0912547528517,0.85855513308,
566,0.645228215768,0.755878284924,0.636929460581,0.190871369295,0.809820193638,
567,0.738209159262,0.933697881066,0.742310321258,0.509227614491,0.946001367054,
568,0.562243502052,0.719562243502,
569,0.697881066302,
571,0.78970917226,0.959731543624,
573,0.780587833219,0.424470266576,0.00205058099795,0.838004101162,0.885167464115,0.557758031442,0.343814080656,
574,0.847900894701,0.663454920853,
575,0.789184952978,
576,0.418318523582,0.380724538619,0.993848257006,0.83048530417,0.894053315106,0.664388243336,0.792207792208,0.611756664388,0.935064935065,0.935064935065,0.935064935065,0.963089542037,0.928913192071,0.864661654135,0.810663021189,0.954887218045,
578,0.59843885516,0.42671292281,
579,0.634146341463,0.00871080139373,0.969512195122,0.959059233449,0.0540069686411,
580,0.600341588386,0.994022203245,0.445772843723,0.859094790777,
581,0.511627906977,0.97353648757,0.384923817161,0.00882117080994,0.586206896552,
582,0.48132183908,0.867097701149,0.207614942529,0.528735632184,0.244252873563,0.610632183908,
583,0.498197548666,0.182408074982,0.267483777938,0.217015140591,0.229271809661,0.421052631579,
584,0.578073089701,0.664451827243,0.380398671096,0.331395348837,0.873754152824,
585,0.531100478469,0.381408065619,0.273410799727,0.997949419002,0.633629528366,0.488721804511,0.615174299385,0.0751879699248,0.299384825701,0.431305536569,0.982911825017,0.53998632946,0.513328776487,0.626794258373,0.729323308271,0.780587833219,0.742993848257,0.300751879699,
586,0.883116883117,0.812713602187,0.347915242652,0.70950102529,0.676008202324,0.974709501025,0.88038277512,0.71975393028,0.613807245386,0.850991114149,0.968557758031,0.555023923445,
587,0.473684210526,0.815447710185,0.646616541353,0.894736842105,0.872863978127,0.72043745728,0.801093643199,0.638414217362,0.656869446343,0.574162679426,0.7997265892,0.965823650034,0.642515379357,0.85030758715,0.371155160629,0.634996582365,0.34996582365,
588,0.8995215311,0.857826384142,0.376623376623,0.962406015038,0.248803827751,0.731373889269,0.871496924129,0.890635680109,0.555023923445,0.778537252221,0.268626110731,
590,0.751756440281,0.969555035129,
591,0.626110731374,0.95010252905,0.721804511278,0.436090225564,0.938482570062,0.833902939166,0.789473684211,0.965140123035,0.392344497608,0.733424470267,0.524948735475,0.814080656186,0.782638414217,
592,0.815447710185,0.228981544771,0.362269309638,0.922761449077,
593,0.706083390294,0.580997949419,
595,0.56049213944,0.0956937799043,
596,0.250854408749,0.694463431306,0.753246753247,0.756664388243,0.662337662338,0.984278879016,0.8004101162,0.851674641148,0.660970608339,0.917976760082,0.919343814081,0.713602187286,0.746411483254,0.692412850308,0.647983595352,0.592617908407,0.611073137389,0.611073137389,0.326725905673,
597,0.541353383459,0.987696514012,0.330827067669,0.924128503076,0.943267259057,0.476418318524,0.85987696514,0.367053998633,
598,0.927785419532,0.76272352132,
599,0.651211072664,0.177162629758,0.822837370242,0.927335640138,0.537024221453,0.934256055363,0.489965397924,0.939100346021,0.713494809689,0.737024221453,0.611764705882,
600,0.883116883117,0.832535885167,0.902255639098,0.970608339029,0.488038277512,
601,0.859223300971,0.757975034674,0.859916782247,
603,0.0301464254953,0.420327304048,
605,0.672590567327,0.8995215311,0.235816814764,0.49008885851,0.321941216678,0.641831852358,0.901572112098,0.468215994532,0.36021872864,0.872180451128,0.682159945318,0.792207792208,0.736842105263,0.924812030075,0.121667805878,
607,0.73018549747,0.650084317032,
608,0.886178861789,
610,0.294882914137,
611,0.388243335612,0.736158578264,0.768284347232,0.987696514012,0.981544771018,0.940533151059,0.589200273411,0.506493506494,
612,0.868762816131,0.526315789474,0.533151059467,0.0082023239918,0.883116883117,0.417634996582,0.820915926179,0.647983595352,0.822282980178,0.93028024607,
614,0.324567474048,0.648442906574,
616,0.807385952209,
617,0.735576923077,0.885302197802,0.566620879121,
618,0.3000683527,0.498974709501,
619,0.642515379357,0.973342447027,0.453861927546,0.882433356118,0.81954887218,0.965140123035,
622,0.926179084074,0.717703349282,0.622009569378,0.868079289132,
623,0.485304169515,
624,0.991797676008,
625,0.696514012303,0.547505126452,0.93984962406,0.779220779221,0.868079289132,0.624060150376,
626,0.492139439508,
627,0.50991114149,0.165413533835,0.355434039645,
628,0.952149791956,0.205963938974,0.366158113731,0.691400832178,0.737170596394,0.946601941748,0.97572815534,0.997226074896,0.997226074896,0.997226074896,
629,0.389288569145,0.750599520384,0.834532374101,0.709832134293,
630,0.270676691729,
631,0.92531120332,0.770401106501,0.479253112033,0.327109266943,0.504149377593,0.596818810512,
632,0.849112426036,0.913461538462,0.664940828402,0.64349112426,
633,0.172932330827,0.577580314422,0.265892002734,0.514695830485,0.95010252905,0.433356117567,0.715652768284,0.802460697198,0.813397129187,0.76965140123,0.969241285031,0.68967874231,
634,0.797676008202,0.348598769651,0.939166097061,0.245386192755,0.740943267259,0.241968557758,0.993164730007,0.967190704033,0.995215311005,0.573479152427,0.876281613124,0.687628161312,0.92002734108,0.38004101162,
635,0.608339029392,0.883116883117,0.613123718387,0.578263841422,0.535201640465,
636,0.715652768284,0.810663021189,0.403964456596,
637,0.708133971292,0.674641148325,
638,0.963089542037,0.485987696514,0.12030075188,0.716336295284,
639,0.209159261791,0.351332877649,0.735475051265,0.136705399863,0.789473684211,0.498974709501,0.613807245386,0.596035543404,0.654135338346,0.495557074504,0.421052631579,0.956254272044,0.685577580314,0.887901572112,0.760765550239,0.967190704033,0.519480519481,0.818865345181,0.585099111415,0.650717703349,0.667122351333,0.526315789474,0.974025974026,0.554340396446,0.901572112098,0.34996582365,0.881749829118,
640,0.974709501025,0.937115516063,0.384142173616,0.596035543404,0.374572795625,0.584415584416,0.451811346548,0.45044429255,0.263157894737,
643,0.957602339181,0.806286549708,0.779239766082,0.78581871345,
644,0.863294600137,0.986329460014,0.334928229665,0.93028024607,0.334244702666,0.246069719754,0.417634996582,0.368421052632,0.788790157211,0.744360902256,0.991114149009,0.632946001367,0.900888585099,0.363636363636,0.687628161312,0.571428571429,0.71975393028,0.678058783322,0.923444976077,0.393711551606,
645,0.605042016807,0.837280366692,0.527119938885,0.898395721925,0.520244461421,
646,0.146958304853,0.853041695147,0.876281613124,
647,0.62952836637,0.259056732741,0.693779904306,0.753930280246,0.649350649351,
648,0.573479152427,0.677375256323,0.777853725222,0.864661654135,0.847573479152,0.66028708134,0.873547505126,0.148325358852,
649,0.380724538619,0.55023923445,
651,0.388243335612,0.987696514012,0.946001367054,0.954887218045,0.31989063568,0.29049897471,0.814764183185,0.810663021189,0.877648667122,
652,0.222829801777,
653,0.788645690834,0.677838577291,0.896716826265,0.895348837209,0.678522571819,0.97195622435,0.77975376197,0.732558139535,0.831053351573,0.718194254446,0.194938440492,0.983584131327,0.580027359781,0.701778385773,0.512311901505,0.574555403557,0.595759233926,0.869357045144,0.656634746922,0.618331053352,0.348153214774,0.679206566347,0.658686730506,0.900136798906,0.242134062927,
654,0.805346127485,0.630568882796,0.424263193968,0.714187799863,0.985606579849,0.365318711446,0.891706648389,0.934886908842,0.986977381768,0.873886223441,0.520219328307,0.810143934202,0.758053461275,0.583961617546,0.619602467443,0.930774503084,0.408498971899,0.689513365319,
655,0.683526999316,0.757347915243,0.65003417635,0.551606288448,0.875598086124,0.6999316473,0.68010936432,0.44019138756,0.958304853042,0.818865345181,0.755980861244,0.871496924129,0.752563226247,0.850991114149,0.501025290499,0.936431989064,0.892002734108,0.948051948052,0.810663021189,0.958988380041,0.864661654135,0.843472317157,0.642515379357,
656,0.943950786056,0.639097744361,0.937115516063,0.224196855776,0.890635680109,0.565960355434,0.404647983595,0.672590567327,
657,0.918660287081,0.724538619275,0.855775803144,
658,0.0825556353195,0.5944005743,0.83847810481,0.847092605887,0.962670495334,0.985642498205,0.746590093324,
659,0.711147274207,
660,0.892002734108,0.797676008202,0.866712235133,0.493506493506,0.948051948052,0.528366370472,
661,0.482570061517,0.76008202324,0.734107997266,
662,0.731373889269,0.970608339029,0.505809979494,0.854408749146,0.570745044429,
665,0.902255639098,0.172248803828,0.845522898154,0.670539986329,0.747095010253,0.537935748462,0.645249487355,0.583048530417,
667,0.737704918033,0.712632594021,0.95949855352,0.169720347155,0.869816779171,0.69431051109,0.675024108004,
670,0.317156527683,0.556390977444,0.43950786056,0.598086124402,
671,0.485987696514,0.958304853042,0.723855092276,0.821599453178,0.618591934381,0.665071770335,0.590567327409,0.590567327409,0.590567327409,0.955570745044,0.955570745044,0.586466165414,0.993164730007,0.993164730007,0.99043062201,0.853725222146,0.711551606288,0.547505126452,0.547505126452,0.546821599453,0.0649350649351,0.963773069036,0.818181818182,0.856459330144,0.752563226247,0.944634313055,0.772385509228,
672,0.847736625514,0.731138545953,0.248285322359,0.699588477366,0.903978052126,0.294924554184,0.633744855967,0.677640603567,0.796982167353,0.81207133059,0.873799725652,0.613854595336,0.315500685871,0.315500685871,0.821673525377,0.561042524005,
673,0.71018455229,0.781271360219,0.598769651401,0.36978810663,0.661654135338,0.627477785373,0.385509227614,0.88995215311,0.779220779221,0.544771018455,0.836637047163,
674,0.347231715653,0.575529733424,0.798359535202,0.498974709501,0.508544087491,0.66985645933,0.605604921394,0.981544771018,0.835269993165,0.831168831169,
675,0.405331510595,0.734107997266,0.283663704716,0.283663704716,0.106630211893,
676,0.805878332194,0.474367737526,0.474367737526,0.415584415584,0.611073137389,0.682159945318,0.682159945318,0.771701982228,0.894053315106,0.894053315106,0.338345864662,0.546138072454,0.731373889269,0.731373889269,0.902939166097,0.805194805195,0.138755980861,0.776486671224,0.956937799043,0.956937799043,0.612440191388,0.853041695147,0.373889268626,0.807928913192,0.847573479152,0.794258373206,0.692412850308,0.791524265208,0.371155160629,0.896103896104,0.862611073137,0.848940533151,0.287081339713,0.93028024607,0.807245386193,0.207108680793,0.736158578264,0.729323308271,0.651401230349,0.557758031442,0.400546821599,0.641831852358,0.665755297334,0.673957621326,0.386876281613,0.105263157895,0.617908407382,0.573479152427,0.375939849624,0.535885167464,0.566643882433,0.669172932331,0.669172932331,0.732740943267,0.758031442242,0.758031442242,0.758031442242,0.585782638414,0.785372522215,0.92959671907,0.605604921394,0.966507177033,0.920710868079,0.254955570745,0.715652768284,0.631578947368,0.699248120301,0.81954887218,0.738892686261,0.593984962406,0.962406015038,0.423103212577,0.543403964457,0.5003417635,0.22009569378,0.473684210526,0.591934381408,0.516746411483,0.449077238551,0.576213260424,0.727956254272,0.56049213944,0.598086124402,0.534518113465,0.641148325359,0.625427204375,0.713602187286,0.742310321258,0.742310321258,0.31989063568,0.874231032126,0.755297334245,0.55023923445,0.988380041012,0.961038961039,0.761449077239,0.225563909774,0.991114149009,0.987696514012,0.832535885167,0.797676008202,0.678058783322,0.82980177717,0.153793574846,0.464114832536,0.464114832536,0.395762132604,0.395762132604,0.468215994532,0.315789473684,0.451811346548,0.742993848257,0.637047163363,0.356801093643,0.618591934381,0.836637047163,0.198906356801,0.514695830485,0.485304169515,0.758714969241,0.944634313055,0.184552289815,0.706766917293,0.118933697881,0.0895420369105,0.998632946001,0.382091592618,0.214627477785,0.906356801094,0.603554340396,0.686944634313,0.224880382775,0.401913875598,0.401913875598,0.891319207109,0.952836637047,0.604921394395,0.502392344498,0.516062884484,0.565276828435,0.657552973342,0.57963089542,0.592617908407,0.606288448394,0.777170198223,0.857142857143,0.896787423103,0.728639781271,0.302802460697,0.926179084074,0.453861927546,0.64046479836,0.991797676008,0.639097744361,0.431989063568,0.931647300068,0.750512645249,
687,0.786056049214,0.803144224197,0.540669856459,0.88995215311,0.210526315789,0.68967874231,0.734107997266,0.826384142174,0.967874231032,0.394395078606,0.943950786056,0.442925495557,0.574162679426,
688,0.754029432376,0.730903994394,0.981779957954,
689,0.926270579814,0.647816750179,0.700787401575,0.917680744452,0.46385110952,0.372226198998,0.841088045812,0.787401574803,
690,0.859134262656,0.483492296405,0.400586940572,0.424064563463,0.800440205429,
691,0.52016404648,0.545454545455,0.981544771018,
692,0.790840738209,
693,0.96372688478,0.637268847795,
694,0.921270718232,0.507596685083,0.825276243094,0.894337016575,0.661602209945,0.542817679558,0.0925414364641,0.933701657459,
695,0.498274672188,0.47895100069,0.975155279503,0.31608005521,0.795721187026,0.726708074534,0.189095928226,0.763285024155,0.677708764665,
696,0.982228298018,0.550922761449,0.598769651401,
697,0.419901199718,0.871559633028,0.408609738885,0.991531404375,0.73465067043,0.865208186309,0.729004940014,
698,0.453861927546,0.724538619275,0.930963773069,0.613123718387,0.991114149009,0.561859193438,
699,0.993571428571,0.565714285714,0.377142857143,0.377142857143,
702,0.725694444444,0.86875,
703,0.633629528366,0.766233766234,0.708817498291,0.652768284347,0.192071086808,0.982228298018,0.0198222829802,
704,0.689273356401,
705,0.0135478408129,0.59949195597,0.805249788315,
706,0.622185154295,0.266055045872,0.495412844037,0.370308590492,0.919099249374,
707,0.132224168126,
710,0.57945870923,0.253296321999,
711,0.353323699422,0.997832369942,0.46098265896,0.46098265896,0.46098265896,
713,0.918660287081,0.883116883117,0.376623376623,
715,0.683093771389,0.503080082136,0.98288843258,0.927446954141,0.667351129363,0.914442162902,0.967830253251,0.90417522245,
716,0.817498291183,0.36978810663,0.805194805195,0.747095010253,0.0772385509228,0.373889268626,
717,0.655502392344,0.846206425154,0.0601503759398,0.423103212577,0.977443609023,
718,0.651401230349,0.666438824334,0.671907040328,
719,0.415584415584,0.904989747095,0.924128503076,0.658236500342,0.953520164046,0.267942583732,0.885167464115,0.818181818182,0.539302802461,0.811346548189,0.868079289132,
720,0.798359535202,0.403280929597,0.848257006152,0.597402597403,0.393028024607,0.403964456596,0.462064251538,0.99043062201,0.265892002734,0.363636363636,0.58988380041,0.8995215311,0.475734791524,0.58031442242,0.632946001367,0.0198222829802,0.812713602187,0.644565960355,0.326725905673,
721,0.954887218045,0.979494190021,0.974709501025,0.974709501025,0.490772385509,0.615857826384,0.784005468216,
722,0.781954887218,0.455912508544,0.983595352016,0.391660970608,0.614490772386,0.639097744361,0.895420369105,
723,0.887063655031,0.624229979466,0.793292265572,0.963039014374,0.469541409993,0.469541409993,0.51266255989,0.687885010267,0.892539356605,0.68720054757,
724,0.410726887791,
725,0.456224350205,0.875512995896,
726,0.712574850299,
727,0.574837310195,
728,0.165639972621,0.594113620808,0.830253251198,0.088295687885,0.651608487337,0.679671457906,0.2765229295,0.535934291581,0.549623545517,0.677618069815,0.939082819986,0.849418206708,0.819986310746,0.889117043121,
729,0.82980177717,0.663021189337,0.782638414217,0.328092959672,0.787423103213,0.604921394395,0.418318523582,0.751879699248,0.599453178401,0.685577580314,0.719070403281,0.840738209159,0.521531100478,0.367737525632,0.414900888585,0.896787423103,
730,0.25017088175,0.793574846206,0.54955570745,0.933697881066,0.64046479836,0.941900205058,0.435406698565,0.52973342447,0.930963773069,
732,0.606288448394,
753,0.399828030954,0.429922613929,
754,0.528996865204,0.458463949843,0.549373040752,0.549373040752,0.935736677116,0.585423197492,0.91065830721,
756,0.0595482546201,
757,0.427887901572,0.745044429255,
758,0.0936431989064,0.356801093643,0.762816131237,0.306903622693,0.630895420369,0.414900888585,0.46001367054,0.895420369105,0.588516746411,0.825017088175,
759,0.734107997266,0.457963089542,0.649350649351,0.477101845523,0.47026657553,0.443609022556,0.725905673274,0.772385509228,
760,0.770718232044,0.796270718232,0.796270718232,
761,0.816814764183,0.816814764183,0.388926862611,0.833902939166,0.909090909091,0.41968557758,0.8004101162,
763,0.461380724539,0.61995898838,0.384142173616,0.434039644566,0.736842105263,0.57963089542,
797,0.336755646817,0.997262149213,0.390143737166,0.177960301164,0.141683778234,
802,0.643882433356,0.965823650034,0.557074504443,0.397129186603,
803,0.526999316473,0.109364319891,0.400546821599,
804,0.88038277512,0.742993848257,0.855092276145,0.378673957621,0.84962406015,
805,0.762816131237,0.789473684211,
806,0.740943267259,0.877648667122,0.630895420369,0.95010252905,0.881066302119,0.885850991114,0.747778537252,
807,0.677375256323,
809,0.50521609538,0.46348733234,
811,0.649350649351,0.796308954204,0.712235133288,0.489405331511,0.489405331511,0.352699931647,0.632262474368,0.604237867396,0.684210526316,0.36978810663,0.701298701299,
812,0.617224880383,
813,0.751960085531,0.214540270848,0.643620812545,
815,0.834586466165,0.0806561859193,0.430622009569,0.622009569378,0.801093643199,0.735475051265,0.761449077239,0.934381408066,0.350649350649,0.766917293233,0.377306903623,0.757347915243,0.862611073137,0.665755297334,0.922077922078,
816,0.512645249487,
817,0.692412850308,0.692412850308,0.251537935748,0.941900205058,0.780587833219,0.829118250171,0.947368421053,0.457279562543,0.492139439508,
819,0.878332194122,0.839371155161,0.829118250171,0.751196172249,0.973342447027,0.552973342447,0.792207792208,0.42993848257,0.42993848257,0.729323308271,0.817498291183,0.41011619959,
820,0.757347915243,0.512645249487,0.107997265892,0.722488038278,0.794941900205,0.555023923445,0.278879015721,0.405331510595,0.66028708134,0.414217361586,
821,0.865345181135,0.431305536569,0.671907040328,0.274094326726,0.352699931647,0.818181818182,0.848257006152,0.598769651401,0.540669856459,
822,0.954856361149,0.747606019152,0.792749658003,0.346785225718,0.850889192886,0.816005471956,
823,0.396433470508,0.434156378601,0.697530864198,0.522633744856,0.543209876543,0.835390946502,0.747599451303,0.179698216735,0.896433470508,0.310013717421,0.578189300412,0.988340192044,
824,0.710868079289,0.447710184552,0.447710184552,0.649350649351,0.760765550239,0.293233082707,0.774436090226,0.168831168831,0.768967874231,0.668489405332,0.741626794258,0.633629528366,0.953520164046,0.883116883117,0.578947368421,
825,0.206314243759,0.660058737151,
826,0.933014354067,0.524265208476,0.676691729323,
827,0.988380041012,0.612440191388,0.846889952153,0.616541353383,0.872180451128,0.837320574163,
828,0.811346548189,0.269309637731,0.954203691046,0.441558441558,0.822966507177,0.745727956254,0.431305536569,0.0888585099111,0.365686944634,0.513328776487,0.302802460697,0.191387559809,0.568694463431,0.900888585099,
829,0.961038961039,0.898838004101,0.951469583049,0.131237183869,0.820915926179,0.937799043062,0.887218045113,0.0765550239234,0.526999316473,0.843472317157,0.43950786056,0.524265208476,0.643882433356,0.515379357485,
830,0.848257006152,0.732057416268,0.388926862611,0.613807245386,0.394395078606,0.955570745044,0.935748462064,0.68010936432,0.868079289132,0.376623376623,0.376623376623,0.740943267259,0.740943267259,0.817498291183,0.184552289815,0.103896103896,0.663704716336,0.663704716336,0.996582365003,0.605604921394,0.838004101162,
832,0.493767313019,
833,0.358168147642,
835,0.910764872521,
837,0.854408749146,0.684894053315,0.685577580314,0.521531100478,0.466165413534,0.384825700615,0.621326042379,0.567327409433,0.937115516063,0.542036910458,0.96992481203,0.648667122351,0.415584415584,0.792891319207,0.781271360219,0.613807245386,
839,0.413533834586,0.997949419002,
842,0.298017771702,
843,0.541353383459,
846,0.970608339029,0.814764183185,0.820915926179,
847,0.617224880383,
