6,0.217226092464,
64,0.127592635749,
138,0.514059371463,0.84756681466,0.931748933577,
154,0.701933899519,0.578021078482,0.617824618848,0.19062723831,0.71083597667,0.786452471094,0.0712166172107,0.628261536887,
155,0.940677966102,0.843666369313,0.403099910794,0.829393398751,0.922279214987,0.742640499554,
156,0.153610193487,
157,0.666438690767,0.742354665364,
158,0.363481228669,0.846817908051,0.25316201566,0.5204778157,0.994880546075,0.86729572375,0.919293314595,0.940574181891,
159,0.461610584436,0.0873007604959,0.808417543494,0.265131784561,0.42889884363,0.757474736952,0.154911969997,
187,0.482881906826,0.264138678223,0.0332611050921,0.895449620802,
189,0.11771000535,
196,0.183313996414,
197,0.517279210093,0.866520387639,0.543335161821,0.695008228195,0.916438105687,0.426586213202,0.951819345401,0.827665021028,0.644633388188,0.841195831048,0.663558237338,0.779941488389,
198,0.532011209312,0.452252640655,0.816447510239,0.582668678595,
199,0.768432355047,0.803984729182,
201,0.923632472917,0.726093352949,0.854888324194,0.612010164504,0.293031964692,
202,0.052262871122,0.0312465250751,
203,0.647187896986,0.197597875043,0.698117565539,
204,0.99401627573,0.6467209191,
205,0.484801165938,0.774411825942,0.764938580054,0.76514678326,0.348219862586,0.806058713304,0.143243805955,0.478867374558,0.247449510722,0.545180095773,
206,0.520060724355,0.844936022555,0.503144654088,0.790934721319,0.106376057254,0.341466059423,0.482108002602,0.922901756669,
219,0.771172638436,
226,0.401693002257,0.528103837472,0.697855530474,
227,0.513452380952,0.589285714286,
229,0.944845297786,
230,0.348624794745,0.49486863711,0.405993431856,0.164716748768,0.0342775041051,0.549979474548,0.742713464696,0.376026272578,0.933394909688,0.345545977011,0.955767651888,0.93565270936,0.270422824302,0.975882594417,0.833435960591,0.972085385878,0.977319376026,0.495587027915,0.925082101806,0.409277504105,0.767959770115,0.439552545156,0.95289408867,0.973830049261,0.976498357964,0.197352216749,0.967672413793,0.964798850575,0.435960591133,0.611555829228,0.436678981938,0.887623152709,0.345340722496,0.751128899836,0.751128899836,0.301929392447,0.590106732348,0.0411535303777,0.936884236453,0.845751231527,0.691399835796,0.78499589491,0.827791461412,0.696941707718,0.607553366174,0.911432676519,
231,0.848848217103,0.176396339539,0.568738824024,0.927632270958,0.557378773535,0.174923740402,0.554959503524,0.589144840644,0.77290417587,0.611233827706,0.678026717156,
232,0.912120918516,0.956496463521,0.450731518264,0.647224106191,0.731227594225,0.739947679488,0.68917740529,0.502567580661,0.0474760197655,0.96608855731,
233,0.469398907104,
234,0.540727902946,0.00259965337955,0.852469670711,0.764298093588,0.913236568458,0.0433275563258,0.653921143847,0.666052859619,
235,0.874058625883,0.817054802456,0.395087475379,0.85818561001,0.446761673039,
236,0.771431522413,0.0198306135096,0.397128692419,0.665564965916,
237,0.950893774399,0.591329361003,0.680706800904,0.539552085474,0.971337579618,0.925826998151,0.559893158003,0.0081158824738,0.543969591124,0.186254366139,0.46414629135,0.124717485104,0.97976166016,
239,0.820251937984,0.47601744186,
240,0.662622238319,
241,0.151730146876,0.0075927308937,
242,0.790044247788,
243,0.85667022412,0.482070437567,0.331056563501,0.408644610459,0.712700106724,0.0407684098186,0.572892209178,0.500960512273,0.434258271078,0.73916755603,0.578121664888,0.920384204909,0.562540021345,0.618143009605,0.638420490928,0.207897545358,0.805656350053,
244,0.191209572326,0.650752280535,0.779883900012,0.861864707973,
245,0.385272145144,0.830843116329,0.973319103522,0.481430096051,0.290394877268,0.950160085379,0.995944503735,0.166275346852,0.912913553895,0.925506937033,0.816221985059,0.619423692636,0.731056563501,0.662540021345,0.432230522946,
246,0.104626078619,0.558365292426,0.812080536913,
247,0.326383030011,0.629143063758,0.0611064240087,0.190430276003,0.381945281427,
248,0.0760926527618,0.886280264123,0.727177444712,0.465360025155,0.289487475107,0.773713447228,0.866575830626,0.919295671313,
249,0.00852209015474,0.430365552815,0.493384166854,0.986544068177,0.432159677058,0.405247813411,0.160461986993,0.353891006952,0.413321372505,0.456268221574,
250,0.727428408334,0.516411378556,0.739796403767,0.049376843307,0.648939206546,0.399771667777,0.96898487299,0.834839691751,0.106174483874,0.882504043383,0.837027875559,0.998763200457,0.643135762534,0.541623061555,0.911521263438,0.986014651318,0.9899153268,0.687850822947,0.353248977262,
251,0.0168169385067,0.13413028062,0.279303008814,0.456083476851,0.657886738932,0.373214466619,
253,0.46360779384,0.378126964173,
254,0.684539070338,0.841043361944,
256,0.160263446762,0.982680814734,0.9907305769,0.684961580681,0.788754726186,0.93413830955,
257,0.617694805195,0.546846011132,0.612476808905,
258,0.894524072032,0.894524072032,
259,0.870995249117,0.039347058107,0.039347058107,0.231453282982,0.142648312827,0.318674625411,0.560726032403,
260,0.740666399037,0.890104375753,0.699116820554,
261,0.855813953488,0.91888825865,
262,0.499277456647,0.789430222956,0.444260941371,0.3848059455,
263,0.0416205446093,0.792893513394,0.729245074164,0.34569404472,0.445317688731,0.272304626965,0.875802523799,
264,0.0775883069428,
265,0.0436847103514,0.295210961878,
266,0.78689021311,0.656701343299,
267,0.775151122625,0.98024611399,0.700021588946,0.932210708117,0.410513816926,0.383743523316,0.983268566494,0.747517271157,
268,0.499112601065,0.321830013804,0.70715835141,0.558469729836,0.637744034707,0.643660027608,0.807040031552,0.490238611714,0.485703017156,0.976730427923,
269,0.316662540233,0.0267392919039,0.322357019064,0.915573161674,0.596558554098,
271,0.441130820399,0.956430155211,
272,0.0299634591961,0.261023142509,
273,0.417670304855,0.653744824991,0.247647722996,0.510820474219,0.611403838916,
274,0.988538681948,0.992490860587,0.398181997826,0.796759213516,0.342950301354,0.503211145144,0.734611204426,0.456476632744,0.456476632744,0.219345914435,0.219345914435,0.992293251655,0.969271811086,0.969271811086,0.666732536311,0.666732536311,0.858314395811,0.854362217172,0.777393538188,0.74676415374,0.840826005335,
275,0.653841723304,0.0428522059671,0.329570325999,0.0399723534155,0.443151710632,0.425411818915,0.597627001498,0.531160004608,0.5753945398,0.760281073609,0.383596359866,0.671696809123,0.347425411819,0.118304342818,0.547978343509,0.128902200207,0.897707637369,0.00921552816496,
276,0.222644461831,0.0527551134458,0.789426623449,
277,0.297605473204,0.475277288276,0.623924536125,0.611278117549,0.618223281849,0.54120451954,0.22172696175,
278,0.701155632358,0.830111243115,0.991251755049,0.959714872016,0.94923857868,0.894913057566,
279,0.889576302962,0.277371578553,0.440382452193,0.4924071991,0.972440944882,0.903262092238,0.875140607424,0.33286464192,0.96166104237,0.604424446944,0.850956130484,0.927259092613,0.32114735658,
280,0.521859671572,0.970462785242,0.414800597142,0.377265941565,0.379718490083,0.322243548731,
281,0.543174924166,0.623458038423,0.528614762386,0.355308392315,0.136501516684,0.62780586451,0.0490394337715,0.0876643073812,
282,0.751190040278,0.454870010985,0.991212010253,0.597949469059,0.865159282314,0.685371658733,0.86818015379,0.056938850238,0.904522153057,0.880446722812,0.460545587697,0.97235444892,
283,0.475694115417,0.119681607126,0.768028048896,0.342840898323,0.450108973752,0.447550459585,0.653084430967,0.759878707477,0.511418553966,0.313086326163,0.707950345873,0.291007296503,0.761300104236,0.70235951862,0.290154458448,0.290059698664,0.290059698664,0.290059698664,0.290059698664,0.734672604946,0.654032028807,0.611674405382,
284,0.901575866727,0.635209365151,0.553174245835,0.299864925709,0.208284556506,0.731112111661,0.268347591175,0.659162539397,0.14552003602,0.557766771724,0.695002251238,0.719765871229,
285,0.785728562862,0.889866080352,0.746352188687,0.958424945033,0.952928243054,0.809114531281,0.809114531281,0.614931041375,0.272636418149,0.755446731961,0.460523685789,0.0252848291025,0.316210273836,
286,0.288113860751,0.0650083344018,0.177586870112,0.448390819336,0.648288242082,0.0593665854597,0.350942428516,0.720348762662,0.0718040774458,
287,0.13334139265,0.92335589942,0.0705996131528,0.828941005803,0.87330754352,0.00725338491296,0.908486460348,
288,0.758709981168,0.826859698682,0.539194915254,
289,0.404499488694,0.266560618112,0.0263606408363,0.0978297920691,0.0182933757528,0.943529144415,0.934780138621,0.866037950233,0.00284058629701,0.226906033405,0.944551755482,0.119759118282,0.8972843995,0.835700488581,
290,0.387797311272,0.85791106515,0.960496380558,0.890692864529,0.979627714581,0.824922440538,0.885832471562,0.885108583247,
291,0.94675672991,0.989371212874,0.974471044005,0.822489321546,0.0259262938313,0.80381444323,0.417999403993,0.907618953015,0.400715208106,0.563425052151,0.878017284196,0.833118108672,0.908016290851,0.588059998013,
292,0.507221653588,
293,0.945335276968,0.938671386922,0.99468971262,0.944189920866,0.917117867555,0.805393586006,0.832049146189,0.94596001666,
294,0.582151567157,0.831361213982,0.7581970915,0.748261223015,0.768765242526,0.813476650709,0.412519194291,0.24117062596,0.73073796405,0.770120133683,0.789901544576,0.744557853852,0.668683949056,0.691626772649,0.455966037395,0.575106133141,0.802366543221,0.594345587571,0.705898292837,0.652876885557,0.708608075151,0.904073706079,0.230692801012,0.604281456056,
295,0.25505952381,0.333630952381,0.686111111111,0.627777777778,0.0282738095238,0.628174603175,0.414087301587,0.681051587302,0.409027777778,
296,0.899921551048,0.31211475961,0.185587806791,0.419029474392,0.821248459038,0.884119690687,
297,0.463708492507,0.734156136742,0.888431775884,0.518366147517,0.83749632677,0.867078068371,0.346361053972,0.724752669213,0.769908903908,0.348026251347,0.497404251151,0.850426094622,0.580566167107,
298,0.576373814692,0.923340568948,0.845767165543,0.884496743973,0.258425682623,0.275676910773,
299,0.780755859594,0.530783895929,0.809016485365,0.678591454525,0.264999439273,
300,0.711714770798,0.810752688172,0.990492359932,0.551895868704,0.833389926429,0.862365591398,0.612110922467,0.00101867572156,0.829767968308,0.580531975099,0.84584040747,0.405998868138,0.89688737974,0.0418788907753,
301,0.941022142932,0.463322489243,0.372127190681,0.0267604155735,
302,0.931863348159,0.84517838554,0.93678432857,0.529762468061,0.922873095486,0.974732658276,0.148007949276,0.490489259014,0.900255512444,0.289202233368,0.930065297625,0.937730670957,0.987035109303,
303,0.771389891697,0.745397111913,0.321209386282,0.129332129964,0.707400722022,0.104422382671,0.730685920578,0.761462093863,0.71416967509,0.753339350181,0.706768953069,0.769945848375,0.749007220217,0.700722021661,0.822563176895,0.809476534296,0.734205776173,0.699819494585,0.349729241877,0.403519855596,
304,0.979834935761,0.949289543095,0.858163873054,0.695567089254,0.554071300944,0.0211009954905,0.881477069684,0.534927252616,0.673274908534,0.976261380073,0.908278737344,0.17706117587,0.863779460563,0.761422615502,0.791627669531,0.879349953203,0.713690121671,0.885135710031,0.439121926317,0.914404832809,0.0102101591083,0.637284097677,
305,0.697944070934,0.320861346585,0.533859495274,0.635486699795,0.675338594953,0.790996784566,0.0867192828608,0.8425411673,
306,0.743835616438,0.804794520548,
308,0.0739591414533,0.784716834756,0.41246444272,0.707525213344,0.761960175847,0.832557538143,0.836824411689,0.482156710628,
310,0.630609896433,0.526352128884,0.10667433832,0.310932105869,
311,0.496658148221,0.450363672105,0.910458030273,0.711716139178,0.997051307254,0.986337723609,0.797523098093,0.968154118341,0.219382740318,0.40406919599,0.915372518184,0.184293296638,
312,0.587967081851,0.703403024911,0.561276690391,0.750889679715,0.233096085409,0.234653024911,0.692170818505,0.596752669039,0.0195729537367,0.783474199288,0.613545373665,0.404693060498,
313,0.447637603507,0.382610813444,
314,0.458978652156,0.836333193805,0.169213059858,0.995709501884,0.560904143993,
315,0.410348583878,0.775816993464,
316,0.762756657857,0.740800975808,0.635291725961,0.92864403334,0.92600121976,0.989632039032,0.678796503354,0.587009554788,0.987802398862,0.843769058752,0.986379345395,0.544521244155,
317,0.178419799109,0.880708294501,0.758413586,0.65890027959,0.381484933209,0.674225950088,
318,0.155798300783,0.648129758358,0.618448637317,0.900474456582,0.364559196734,0.29074257972,0.421825002758,0.168818272095,
319,0.681174730615,0.68455525037,0.602366363828,
320,0.452718319767,0.803436840519,0.923022811778,0.166415435635,0.105617525877,0.581147623354,0.279670384886,
322,0.970332178176,0.994928577466,0.370298368692,0.927901276308,0.798157383146,0.885216803313,0.78015383315,0.501648212324,0.954864339447,0.029667821824,0.998985715493,0.857408503085,0.0443749471727,0.566646944468,0.976417885217,
323,0.554585674997,0.616764319024,0.751165849576,0.751165849576,0.343895731197,
325,0.802527472527,0.802527472527,0.802527472527,0.802527472527,0.802527472527,0.605604395604,
327,0.78156996587,
328,0.671691127859,
329,0.735555299273,0.953061930573,0.787798408488,
330,0.845433255269,0.845550351288,0.809953161593,0.627283372365,
333,0.241715153048,
334,0.836752702405,
335,0.820153340635,0.124096385542,0.800876232202,
336,0.676256077796,0.695603727715,0.704619124797,0.43294165316,0.387155591572,0.322629659643,0.596434359806,0.743517017828,
337,0.123780551768,0.324661701458,0.926885555439,0.882093779503,0.786006503724,0.927410049302,0.257106891849,0.760411203189,0.676492185041,0.343858176859,0.868142242736,
338,0.504713949004,0.127276623098,0.771480608528,0.631776301693,0.298907220913,0.502892650525,0.894364688237,0.687379472895,0.731626312406,0.140882794086,0.199592886222,0.643882579816,0.803728305121,0.814334690379,0.520355688879,0.471823441183,
339,0.648076135898,0.53223495702,0.503786328285,0.620446172738,0.771182971756,0.590360212853,0.730147359804,0.398280802292,0.572144903807,0.69801473598,0.92632009824,0.757367990176,
340,0.869599548787,
341,0.742923574606,0.498584714921,0.514456126163,0.650020218358,0.0342701172665,0.641730691468,0.547715325516,0.569348968864,0.618277395875,0.440962393854,0.75525677315,0.679943388597,0.0446825717752,0.514759401537,0.748382531338,0.649818034776,0.724221593207,
342,0.651420367142,0.834068300687,
343,0.71776340814,0.726797261316,0.671833396729,0.758653480411,0.656238113351,0.655572461012,0.271871434005,0.170692278433,0.785279573983,0.262076835299,0.688569798402,0.557436287562,0.620292887029,
344,0.968218190015,0.981178857207,0.674518201285,0.535106502874,0.722867124986,
345,0.0347065836535,0.059610544443,0.533448138826,
346,0.645240761478,0.182978723404,0.769428891377,0.663941769317,0.545240761478,
347,0.130551816958,0.722072678331,0.74046657694,0.898945715568,
348,0.563469053322,
349,0.707378599958,0.872819003574,0.639793987807,0.902985074627,0.675635904982,
351,0.473339106767,0.595942100705,
352,0.00746842394289,0.526304228446,
353,0.763558166369,0.528375118011,0.645861743418,0.711633273891,0.4665897409,
354,0.738428527639,
355,0.66628649635,0.801322992701,0.27098540146,0.473426094891,
356,0.488194973343,0.956587966489,0.860189315635,0.612011750626,0.809161135894,0.850832335981,0.325427048199,0.874986399739,0.514089870526,0.371123925579,0.444021325209,0.933413121532,
357,0.466798223976,0.520966946226,0.53922052294,0.278046373952,0.946817957573,0.446472619635,
358,0.0280040733198,0.0991853360489,0.462219959267,
359,0.845010799136,0.258574514039,0.838358531317,0.95939524838,0.985313174946,0.806652267819,0.0337796976242,0.881382289417,0.798704103672,0.943585313175,0.91818574514,0.97555075594,0.4256587473,0.0387041036717,0.625485961123,0.637235421166,0.327084233261,0.558531317495,
360,0.402219292463,0.978686003076,0.821138211382,0.93298176225,0.541749066139,0.883542078664,0.985827290705,0.790375741595,
361,0.258888139512,0.513247904422,0.607091241931,0.481163888621,0.658059543309,0.812216976587,0.714423354851,0.467867810001,0.237402447249,0.439637730032,0.802389440216,0.36766547837,0.668176124868,0.912033914635,0.481741978996,0.760670584835,0.133635224974,0.241256383081,0.478273436747,0.647846613354,0.356681761249,
362,0.820591233435,0.310793974403,
363,0.333146633808,0.213061498824,0.591464097681,
364,0.366477942911,0.975230007077,0.745694739325,0.899622552489,0.177282377919,0.423684831328,0.794644963435,0.856805850436,
365,0.848113097324,0.960392569225,0.809440355182,0.494800794485,0.163336838416,0.533356700549,
366,0.642422070942,0.570494446435,0.254836975994,0.411232533142,0.777678251523,0.782425653887,0.495790039412,0.24632748119,0.6222680043,0.144392690792,0.546399140093,0.260121820136,0.414994625582,0.853099247582,0.363131494088,0.0884987459692,0.473486205661,
367,0.646730975348,
368,0.51649540292,0.369280692266,0.521687398594,0.532071389941,0.11963223364,0.600432666306,0.528501892915,0.735424553813,0.228231476474,0.854948620876,0.198269334776,0.691508923743,
369,0.685481342114,0.0175603637504,0.374830145291,0.342008989234,
370,0.759777112785,0.962439376741,0.712723145186,
371,0.808728202319,0.899936090569,0.663745092669,0.878572080708,0.356523326942,0.728111019812,0.0511275449648,0.604035424085,0.673788003287,0.959828357528,0.712316260385,0.268054414316,0.676800876472,
372,0.898402422471,
373,0.814570920874,0.632382146964,0.901327479879,0.145709208738,0.9557855127,0.575415490749,
376,0.903308705429,0.814755327123,0.0112431737873,0.0507548988114,0.992183317272,
377,0.776980629292,0.592702675003,0.69498821359,0.794813979707,0.759249769396,0.0473506200676,
378,0.458808345881,0.756936975694,0.151215315122,0.552161755216,0.946009894601,
379,0.501462159317,0.432682185051,
380,0.949551131928,0.979605776737,0.945647931304,0.343384074941,0.987021857923,0.868266978923,0.811280249805,0.871682279469,0.443013270882,0.452771272443,0.609094457455,
381,0.00883209621347,0.786902189232,0.874377525134,0.529174105046,0.513858874378,0.647561777694,0.726017100442,0.367283660622,
382,0.690393918452,0.846776582091,0.524237338335,0.986375752789,0.982130516339,0.473788133083,0.0777964261033,0.977194194886,0.164083325106,0.6514957054,0.841050449205,
383,0.659185167114,0.555094738554,0.617955598927,0.212002927543,0.455151663007,0.794584044889,0.853622834838,0.27291209238,0.522729120924,0.0394405139465,0.588354883305,0.496462551842,0.827112303814,0.331544279092,
384,0.772910276074,0.545149539877,0.338765337423,0.200153374233,0.577070552147,0.552530674847,
386,0.614057956483,0.525418630302,0.421738694475,
387,0.0247213779129,0.0592705167173,0.729381965552,0.186626139818,0.971529888551,0.426849037487,0.859270516717,0.930597771023,0.949645390071,0.0354609929078,
388,0.399517615643,0.996209837195,0.993281075028,0.903264708416,0.972004479283,0.646998018779,0.516926522526,0.992678094582,0.969334137307,0.168920665001,0.993539495219,0.559221293824,0.960117150487,0.365233870273,0.816952364545,0.898096304591,0.963218192781,0.0398828495133,0.893530881213,0.935481092256,0.81178396072,
389,0.766522090715,0.771962067191,0.70050724105,0.618319488348,0.510475630376,0.940968903918,
390,0.930112319487,0.994740595472,0.842128721697,0.985558923159,0.927438045998,0.98056694598,0.946157960421,0.742467463006,0.744072027099,0.984310928864,0.536726689249,
391,0.824423638377,
392,0.910781350188,0.932307410461,0.929925803792,0.935330218925,
393,0.387418693754,0.880156820814,0.78027265437,0.766194422169,0.610442840595,0.587365232113,0.740621937093,0.535418337343,0.676557070302,0.768956606968,0.83712019959,0.868306156999,0.482669517954,0.838813151564,0.876860019603,0.0613026819923,0.941726811013,0.981021117348,0.943597968458,0.882384389201,0.980219192729,0.719593691526,0.454602156286,0.708634055065,0.72030651341,0.92845050343,0.788024592355,0.00980130089994,0.625590305622,
394,0.579244218838,0.774675690919,0.54352321865,0.275991727768,0.583944350442,0.149464184997,0.598890768942,0.463808986652,0.851099830795,0.786520022561,0.475935326189,0.844895657078,0.826659146456,0.814814814815,0.975841323557,0.323463056966,
395,0.709500896311,0.889895273139,0.493820171714,0.449948108312,0.161996414756,0.692706859138,0.0718935748656,0.664496650627,0.677045004246,0.908859326352,0.995848664968,0.513539013114,0.992169072554,0.988583828663,0.856495895839,0.935843004057,0.63855080668,0.827342202095,0.922351165204,0.752806868573,0.650250023587,0.881498254552,0.703556939334,0.974903292763,0.974903292763,0.617322388905,0.508255495801,0.728276252477,0.949146145863,0.949523539957,
396,0.36488997555,0.133202933985,0.274914425428,0.501711491443,0.714327628362,0.736821515892,0.722053789731,
397,0.498983739837,0.824695121951,0.755284552846,0.578861788618,0.755386178862,0.647865853659,
398,0.365505868658,0.910854593074,0.700746920167,0.967213114754,0.42797555534,0.923367930934,0.759045494228,0.88834998545,0.728101658745,0.566010282278,0.483461053448,0.439712872248,0.946357551654,0.465321563682,0.0292947909594,0.114366087884,0.82568629353,0.75361334756,0.94053739451,
399,0.921921613003,0.802180845592,0.542536776052,0.502211706615,0.2701368172,
400,0.769246415133,0.771076985661,0.513983524865,0.911624122852,0.830062036001,0.809824061833,
401,0.397634584013,0.457279771615,0.910889070147,0.989498368679,0.986949429038,
402,0.870647887324,0.831549295775,
403,0.319251395425,0.0986100470614,0.00733282258947,0.712925467878,0.307978548758,0.391156834847,0.382620116012,0.979314873591,
404,0.625090495398,0.705140138587,0.695211500672,0.96411211087,0.920053780122,0.230840831523,0.448133209225,0.00879098148723,0.644637501293,0.678043230944,0.917261350708,0.947564381011,
405,0.772999907724,0.825228384239,0.516379071699,0.679247024084,0.722893789794,0.951278028975,0.456860754821,0.521915659315,0.704253944819,0.636799852358,0.866199132601,0.825689766541,0.488696133616,0.272676940113,
406,0.782581227437,0.965794223827,0.925812274368,0.79476534296,0.980776173285,0.964530685921,0.319945848375,0.441606498195,0.872653429603,0.837184115523,0.567238267148,0.878610108303,0.962364620939,0.593592057762,0.754963898917,0.871931407942,0.564350180505,0.786642599278,0.864801444043,0.29178700361,0.109837545126,0.0111913357401,0.095036101083,0.792689530686,0.604422382671,0.620306859206,0.541877256318,0.537635379061,0.940884476534,0.316967509025,0.848285198556,0.712184115523,
407,0.529611756964,0.749506470717,0.773086203115,
408,0.351232195343,0.0418268143794,0.950938277187,0.877345692969,0.356997513,0.189577210038,0.402328736152,0.65306353154,0.782726656116,
409,0.633325543351,0.560411311054,0.959569992989,0.387240009348,0.542416452442,
411,0.0434782608696,0.615449556775,0.809413254538,0.609117771211,0.761608273533,0.854896580836,0.931616715914,0.0192064162094,0.833051920642,0.678661882651,0.822604474462,0.88360067539,0.985014774166,0.484909244407,
412,0.539237549113,0.567590527769,0.814272061166,0.387065944568,0.172666454285,0.379314006584,0.765105659977,0.827227354784,0.838058829776,0.709886375704,0.942125942445,
413,0.737919463087,0.497986577181,0.852460850112,0.477628635347,0.585682326622,
414,0.917644429545,0.861325287742,0.835624092077,0.739076991843,0.911386747123,0.978545088837,0.404067493575,0.69460274891,
415,0.160381064624,0.0321154979375,0.652622274602,0.712728344137,0.504419563936,0.722942447456,0.803869573758,0.637497544687,0.224808485563,0.855136515419,0.852779414653,0.576900412493,0.63563150658,0.61363189943,0.920349636614,0.665979178943,
416,0.89435886761,0.952747710241,0.305162364696,0.731369691923,
417,0.703606350541,0.614972137525,0.527809904321,0.32309956892,0.313111134476,0.335611397329,0.554726106613,0.783724108927,
418,0.945800284726,0.971120601993,0.9293268253,0.049115314216,0.973561114501,0.980272523897,0.784523083181,0.860992475086,0.819198698393,0.417124262762,0.734899328859,0.964510880618,
419,0.428924089693,0.835321950216,0.737914009463,0.894466159226,0.842007817322,0.14050606871,0.742851265172,0.763526023452,0.9678049784,0.942192964411,0.811149969142,0.0686072824522,0.898169101008,
420,0.507958115183,0.57497382199,0.701047120419,0.829005235602,0.815811518325,
421,0.82943067034,0.837580348944,0.877295684114,0.53891184573,
422,0.90545625588,0.000587958607714,
423,0.544987427572,0.258992019241,0.743522466382,0.881600524762,0.13348638898,0.777194708648,0.901935060676,0.61451842134,
424,0.954368932039,0.901664355062,0.424965325936,0.924549237171,0.998890429958,0.915117891817,0.0320388349515,
425,0.567410612617,0.407082669096,0.694374857663,
426,0.772761075109,0.247423775629,0.653989163922,0.686816105386,0.972909805588,0.0490810581111,0.326888345905,0.891745458409,0.902475300117,0.771167534261,0.450122171465,0.903218952512,0.356953149899,0.427281419314,0.702645277807,0.647296292362,
427,0.813825275657,0.936386768448,0.948261238338,0.903625954198,0.714058524173,0.72296437659,
428,0.0165245202559,0.52750533049,0.554371002132,0.889658848614,0.723667377399,0.6578891258,0.556823027719,0.234328358209,0.202558635394,0.131023454158,0.3,0.11066098081,0.825373134328,
429,0.984749455338,0.0558823529412,0.432244008715,0.6848583878,
430,0.48261589404,0.745343543046,0.65883692053,0.552359271523,0.666908112583,0.220405629139,0.0641556291391,0.726717715232,0.18667218543,0.0135554635762,0.605960264901,
431,0.773079833523,0.644248959516,0.23278471434,
432,0.685891375144,0.846832650488,
433,0.781903665323,0.131260794473,
434,0.672656984641,0.657820499425,0.680284191829,0.164037195695,0.758645909518,0.721032285028,0.737331522307,0.833768676209,0.454497962595,
435,0.284059170373,0.221164787421,0.774697424227,0.0887555601531,0.770766525292,0.593876073239,0.668459708286,
436,0.935365598156,0.948669599832,
437,0.71067961165,0.141134389371,0.43934593766,0.231170158406,0.116504854369,0.592539601431,
438,0.966611172771,0.91444691084,0.860247872734,0.927857935627,0.793192748798,0.754162042175,
439,0.827436614287,0.892412995276,0.950737491565,0.738648414152,
440,0.789125560538,0.479820627803,0.471860986547,0.0995515695067,0.389573991031,0.55033632287,0.183744394619,0.442488789238,
441,0.567573570239,0.888062187674,0.992226540811,0.939033870072,0.870516379789,0.719711271516,0.861188228762,0.813992226541,0.80699611327,0.0497501388118,0.801554691838,
442,0.25308310992,0.00128686327078,0.184986595174,0.361930294906,
443,0.0157553290083,0.614766759345,0.615178663371,0.762125424776,0.618473895582,
444,0.812776463327,0.383191029729,
445,0.717505558925,0.94420861128,0.818374772589,
446,0.634787420456,0.155860924098,0.452181130683,
447,0.274257425743,0.627722772277,0.758316831683,0.206732673267,0.688217821782,0.00188118811881,0.248613861386,0.336534653465,0.324851485149,0.901485148515,0.0538613861386,0.121782178218,0.590099009901,
448,0.0766880537733,0.964252978918,0.586312251757,0.88787045524,
449,0.936786469345,0.718710359408,0.538583509514,0.840380549683,0.509196617336,0.595877378436,0.51976744186,0.042177589852,0.00306553911205,
450,0.9913585209,0.0224075562701,0.735831993569,0.778737942122,0.476286173633,0.923633440514,0.0284364951768,0.78125,
451,0.922758946498,
452,0.186388790769,0.144118685977,
453,0.788097085227,0.957552920315,0.87487531863,0.0141859691898,0.362185525878,
454,0.646205843873,0.798844308766,0.0195159180113,0.883885739206,0.352158744003,0.737025730484,
455,0.854948974537,0.655206578817,0.506291489151,0.802932725651,0.802239175666,0.205290795601,0.612503715446,0.627365500842,0.695729713663,0.608540572674,0.186961260279,0.563063509363,0.6220152581,0.562568116516,0.619538293867,0.834142474983,0.736351927078,
456,0.833189116431,0.392462263244,0.774060186521,0.956638784732,0.885011056629,0.923565041823,0.322661282569,
458,0.747849190283,0.524671052632,
459,0.879614389842,
460,0.429676435342,0.49700403094,0.597014925373,0.371609107746,0.334785924393,0.583614772851,0.0367142390239,0.302647347206,0.781348730799,0.0202636452773,0.585684715111,
461,0.0279026021528,0.442261469328,0.329188002926,
462,0.95533716065,0.12094969349,0.765009243943,0.877396127274,0.977717232655,0.960105089034,0.776491193928,0.972949304272,0.774253186728,0.53702442347,0.87146054296,0.260289967889,0.890824170478,0.149849177776,0.870876714995,0.684246375401,0.531186143816,0.921864357303,0.93898997762,0.955531769972,0.941617203464,0.325386786027,0.992215627129,0.179916317992,0.317991631799,0.798287437968,
463,0.757659033079,0.610890585242,0.739949109415,0.0635114503817,
464,0.772697934596,0.671471600688,0.864565404475,
465,0.681354780245,0.216696873584,0.215564114182,0.235160851835,0.566832804712,
466,0.0323096609085,0.737897206227,0.908935807208,0.969609724888,0.886116442738,0.568991256131,
467,0.564226334138,0.518637704478,0.500759810494,0.20184142308,0.42701349781,0.605613658711,0.754983462948,0.7307589166,0.28077232502,0.0990435326719,0.242513631894,0.296951819076,
468,0.758032854634,0.0469056720736,
469,0.661869701026,0.722110664882,0.561021865239,0.561021865239,0.738621151272,0.738621151272,0.715305667113,0.574631860776,0.773427041499,
470,0.89815007275,0.569320307628,0.339014757847,0.70037414259,0.868634379547,
471,0.352057547868,0.363799851899,0.180366021369,
472,0.623685666851,0.363032650802,0.494853348091,0.692418372994,0.565578306586,0.498948533481,0.488544548976,
473,0.919791222838,0.229548359608,0.00607158074137,0.63634426928,0.599062633149,0.560609288453,
474,0.0158550396376,0.424791516524,0.539277257284,0.926181406363,0.0343869041491,0.854215999176,0.350869968084,0.446720889529,0.48079892927,0.83805209513,
475,0.185433831757,0.903977214932,0.351337605534,0.374427830333,0.925338215848,0.284101312176,0.68640016275,0.48072423965,
476,0.60595814676,0.907338024308,0.795668463858,0.993694599287,0.874623046697,0.902677510737,0.299826373024,0.056474458558,0.662067074842,0.946084254775,0.71296719364,0.905144841451,0.996892990953,0.928812939779,0.931919948826,0.356392214201,0.338938133967,0.908251850498,0.934387279539,0.934387279539,0.676414146029,0.419720369186,0.947911907155,
478,0.561096433289,0.778731836196,
479,0.829993866285,0.902985074627,0.827744837457,0.949601308526,0.912594561439,0.896544673891,0.805970149254,
480,0.369968884874,0.464117233765,
482,0.227111111111,0.875822222222,0.791644444444,0.574133333333,0.917244444444,0.264355555556,0.806844444444,0.636888888889,0.631822222222,0.0788444444444,0.866933333333,0.983644444444,0.793511111111,0.205688888889,0.925866666667,0.8616,0.639288888889,
483,0.967887029289,0.546966527197,0.538389121339,0.571129707113,0.990062761506,
484,0.446196949258,0.94085296254,0.584310470063,0.712669918024,0.627269897271,0.386842378334,0.273114039639,0.309017329044,0.565943758431,0.912317111134,
485,0.409485496506,0.499576540335,0.604276942621,0.671289434681,0.251429176371,0.510586491637,
486,0.41717519139,0.973260845445,0.635526461777,0.0804393653611,0.777099744813,0.598468878287,0.524242760457,0.945190280706,
487,0.894470326109,0.591047194653,0.997164269799,0.812436702451,0.855479035852,
488,0.853492664918,0.05780627611,0.529291751676,0.901194986884,0.94015350238,0.823277955892,0.817643058389,0.81579714369,0.808316331487,0.864470999709,
493,0.892188443729,0.345983491041,0.900644252064,0.731729414133,0.972921280451,
494,0.484039972834,0.504802561366,0.835839720578,0.186863296789,0.488599980596,0.386533423887,
495,0.222974880045,0.645639288738,0.858453288174,
496,0.955741332678,
499,0.432802782755,0.0153894803415,0.0153894803415,0.181406134711,0.29724886687,0.806050384737,0.453251818278,0.858859491936,0.956993780963,0.886476230631,
500,0.539462809917,0.855991735537,0.757644628099,0.380061983471,0.635020661157,0.252995867769,0.258780991736,0.569318181818,0.920867768595,0.140805785124,0.0129132231405,0.115392561983,
501,0.822110963523,0.730152242771,0.480331051395,0.615919076326,0.183100030653,0.987330131807,0.00776540308573,0.973740676407,0.0810258506182,0.0810258506182,0.0810258506182,0.0810258506182,0.0810258506182,0.449371615408,0.229692449167,0.883212424645,0.977112496168,0.894860529274,0.485542045571,0.411464187187,0.991315009707,0.0470011239399,0.94083988965,0.6155103709,0.905078164913,
502,0.48782938812,0.522778025904,0.290084859312,0.587204108977,0.830058061635,0.0974765520322,
503,0.844541184557,0.905716576927,0.634436934357,
504,0.725490196078,0.135874067937,0.675411948817,0.178956089478,0.548006996226,0.839639142042,
505,0.89152791381,0.502938295788,0.921890303624,0.490287300033,0.977473065622,0.979187071499,0.336679725759,
506,0.0544117647059,0.416386554622,0.676260504202,0.789285714286,0.984978991597,
507,0.809508914607,0.585653216557,0.501094776353,0.979147117089,0.727765613596,0.788447502867,0.860494213325,0.870712125951,0.876342404337,0.179230528621,0.882494004796,0.52048795746,0.990303409446,0.740277343343,0.864560525493,0.79240955062,0.918360963403,0.42664998436,0.814722135335,0.733500156397,
508,0.751935583772,0.610405698359,0.462888407144,0.841746670796,0.0644162279343,0.652111076701,0.123464436874,0.717662847115,
509,0.800504784941,0.553160164055,0.0598380481649,0.565043642865,0.482595435903,0.759385844989,0.106004837522,
510,0.941183294664,0.809048723898,0.916125290023,
511,0.252939941201,0.588093238135,
512,0.757914970602,
513,0.41498489426,0.80253776435,0.131359516616,0.597945619335,0.376072507553,0.958791540785,
514,0.793228977066,0.716296565951,
515,0.995140913508,0.571104632329,0.604686318972,0.990929705215,0.0934024403412,0.706511175899,
516,0.638248145514,0.466009551875,0.354232293466,0.485316532873,0.867899603699,0.904176404837,0.820953155167,
518,0.94404983062,0.0349688558627,0.987979455797,0.721997595891,0.819910392307,0.367610097257,0.993115506502,0.419189159655,0.0783520926675,
519,0.200399467377,0.0765645805593,0.619618286729,0.377496671105,0.729249889037,0.666000887705,0.813249001332,0.344207723036,0.901464713715,0.0191966267199,
520,0.820918367347,0.0933673469388,0.925306122449,
521,0.807443682664,0.888246816846,0.359843290891,0.555044074437,0.803819784525,0.662585700294,0.345935357493,0.292948090108,0.757198824682,0.764642507346,0.945053868756,0.425465230167,0.925954946131,0.12193927522,0.294809010774,
522,0.600554927551,0.812352276231,0.706710512794,0.498818209845,0.686054876169,0.389887986846,0.319597163704,
523,0.172137051137,0.979936207429,0.637308365058,0.968926844326,0.621668895977,0.0611173989094,0.904208251878,
524,0.900076790171,0.80226531004,0.0720867728931,0.700326358226,0.5346515646,0.880591284316,
525,0.947425527717,0.392385085816,
526,0.985773803475,0.357382379839,0.887003353318,0.614470074179,
527,0.609772423025,0.0770701855039,0.917096959266,
528,0.929502070498,
529,0.0707523667165,0.540906826109,0.496761335326,0.655705032387,0.355854509218,0.875834578974,0.418834080717,0.385450921774,
531,0.495442418853,0.789795464651,
532,0.274861154773,0.226029550456,0.735722519124,
533,0.358061621298,0.598663874763,0.13999401735,
534,0.490381125227,0.581034482759,0.261978221416,0.637568058076,0.454900181488,0.142105263158,0.398366606171,0.406624319419,0.643103448276,0.665063520871,0.242468239564,0.802087114338,0.818058076225,0.399092558984,0.457078039927,0.65499092559,0.611524500907,0.581488203267,0.655172413793,0.754627949183,0.708802177858,0.718784029038,0.679219600726,0.789564428312,0.822141560799,0.255807622505,0.0832123411978,0.820508166969,0.791923774955,0.534392014519,0.498729582577,0.663067150635,
535,0.181826813521,0.796050132928,0.579661982529,0.58497911128,0.781143182681,0.769464489176,0.820262058488,0.91502088872,0.727117356627,
536,0.377747651787,0.200445434298,0.784351699429,0.604725476905,0.703495690907,0.478260869565,0.87663406604,0.360317614021,0.642684225816,0.596204125109,0.701074852329,
537,0.905649780973,
538,0.727497471626,0.472412630633,
539,0.473798919738,0.932341514261,0.844972993462,0.980953283427,
540,0.624258474576,
541,0.917920209287,0.0114453891432,0.177131022455,0.0955962502725,0.503815129714,0.973403095705,0.100828428167,0.587747983431,0.117942010028,
542,0.627256987386,0.723967350977,
543,0.52976142008,0.928751730315,0.743017669571,0.96742936243,0.0270336291833,0.0116440029314,0.98713459816,
544,0.933304319443,0.573441410075,0.0229028397345,0.876400826896,0.964204112719,0.93798280927,0.914971167446,0.900609291698,0.146665215972,0.896257208138,0.440974866717,0.879392884343,0.767054727451,0.907246219127,0.457621586334,0.336579262322,0.533783048635,0.363290175171,0.523392449135,0.353769992384,0.588673702535,0.312207594386,0.259112174954,0.966108149276,
545,0.48828894564,0.620211601605,0.84881430135,0.411820503466,0.680262677855,0.924042320321,
546,0.590474002604,0.91484799755,0.934451336243,0.953901523853,0.964162646451,0.68022053756,0.756106899456,
547,0.790464365533,0.632431090142,0.893121430345,0.790961013161,0.575465607152,
548,0.940622809653,
549,0.447737909516,0.60366986108,0.85060545279,
550,0.61746031746,0.711361737678,0.491228070175,0.400835421888,0.889724310777,0.552130325815,
551,0.817576115375,0.635236569115,0.773467150207,0.52947625875,0.619802648225,0.763936914903,0.556464535717,0.638525765371,0.574512945939,0.759298304799,0.581513030277,0.864636923336,0.408197689129,0.821118326727,0.891456523573,0.830564223665,
552,0.989631823953,0.889053463112,0.53202144167,0.779023839752,0.785935957117,0.628861616589,0.966497390323,0.655381577091,0.529552828326,0.66518549866,0.927704894908,0.196924813091,0.251728029341,0.129637466497,0.981097474961,0.0933841162364,0.260121314713,
553,0.046514905913,
554,0.77251746507,0.279316367265,
555,0.379536408335,0.616951533599,
556,0.933985019678,
557,0.810939473429,0.772369571553,
558,0.0544022242817,
559,0.786628278951,0.727980379612,0.828641501386,0.917679675837,0.959906163361,0.0974621454468,
560,0.412507963474,0.900722021661,
561,0.593443568545,0.926840992117,
562,0.16217472119,
563,0.627789776818,0.426720148102,0.69710994549,0.343618224828,
564,0.824267352185,0.968843187661,0.82293059126,0.847506426735,
565,0.032607713847,0.676903622076,
566,0.888785314786,0.970816004589,0.810411587552,0.0608776710168,0.0865481141546,
567,0.161637476261,0.958219033551,0.301593163115,0.432633466976,0.0941126820004,
568,0.868022573616,0.905682516623,
569,0.0360920526015,
571,0.0634746321107,0.904458598726,
573,0.821710376283,0.667229190422,0.288437856328,0.819521094641,0.919863169897,0.727708095781,0.626499429875,
574,0.681331516449,0.600350399066,
575,0.808972237544,
576,0.574940252646,0.304472516217,0.835848412427,0.711642198703,0.862751792421,0.733834073062,0.809900990099,0.725571867532,0.928030044384,0.928030044384,0.830863776033,0.941345169,0.670058040287,0.846978490953,0.786480027313,0.895732331854,
578,0.322354928218,0.475931958017,
579,0.805057955743,0.0610115911486,0.947102212856,0.981664910432,0.174920969442,
580,0.784620424208,0.969945131439,0.529113094751,0.975186307428,
581,0.723568600946,0.906150429661,0.356763541566,0.0408419426475,0.632808728396,
582,0.410997413696,0.77375463848,0.033172157877,0.504554143709,0.0114696952659,0.26031710334,
583,0.399145971457,0.032026070345,0.19013372289,0.102033936397,0.101134958984,0.396786155748,
584,0.5998552822,0.43174143753,0.328750602991,0.158948383985,0.882778581766,
585,0.566999706142,0.364310902145,0.297678518954,0.700337937114,0.614604760505,0.5103585072,0.670878636497,0.263297090802,0.356450191008,0.436159271231,0.908977372906,0.531442844549,0.523949456362,0.883338230973,0.883338230973,0.789597414046,0.824272700558,0.428959741405,
586,0.952541785745,0.896509915995,0.0720533471897,0.838486186888,0.800381051355,0.115094829826,0.959816402529,0.910452931497,0.534857538755,0.946479605092,0.217718888023,0.0969948904477,
587,0.273311897106,0.642404754945,0.616876157069,0.779986358764,0.697651758745,0.450842833479,0.733313845854,0.488843418104,0.534931306635,0.573224203449,0.66354866998,0.633635389262,0.829484556173,0.808925265517,0.225567572834,0.449673584722,0.245347364318,
588,0.802507018346,0.832669582816,0.686818567605,0.869099693151,0.19272703532,0.663902853039,0.757393745512,0.848795456029,0.552719200888,0.808448129529,0.389567147614,
590,0.654423868313,0.621193415638,
591,0.640341609438,0.985560838176,0.142718788519,0.215795034337,0.995949991196,0.943740095087,0.0912132417679,0.914861771439,0.547719668956,0.684539531608,0.592093678465,0.851206198274,0.972882549745,
592,0.930422473868,0.240744773519,0.337870209059,0.823388501742,
593,0.43800630063,0.202745274527,
595,0.396178878858,0.0670795716985,
596,0.0226093765293,0.561417245767,0.727806596848,0.590877948517,0.397376920818,0.696388372321,0.739355975335,0.608985024958,0.426837623569,0.831065870608,0.541352647548,0.666634041304,0.757365175688,0.209161201918,0.465107174317,0.721542527161,0.300773221102,0.161397670549,0.202407751786,
597,0.425208885266,0.999490523742,0.393621357245,0.912981455064,0.941715916038,0.526594660689,0.830242510699,0.382310984308,
598,0.5872074883,0.407488299532,
599,0.887931034483,0.0809267241379,0.871875,0.86713362069,0.739655172414,0.695043103448,0.4625,0.78125,0.684913793103,0.862068965517,0.758189655172,
600,0.80874435804,0.784164446136,0.894937190712,0.883462939801,0.741530262657,
601,0.897768178546,0.948369844698,0.974904864754,
603,0.0702947845805,0.479591836735,
605,0.413855891789,0.732159889014,0.195092343709,0.495968091563,0.581808722795,0.581808722795,0.784184514003,0.445851036157,0.473770918235,0.807422179832,0.544611115928,0.801005809416,0.705800745686,0.786178791295,0.191797450793,
607,0.89420973869,0.77057672384,
608,0.635002478929,
610,0.0577256944444,
611,0.591452067951,0.737199111591,0.764511675371,0.900054024851,0.822318266403,0.865057926646,0.781199351702,0.654781199352,
612,0.950848722253,0.559783622458,0.495150158553,0.116302928558,0.889386308525,0.470714418952,0.935273269912,0.841074426413,0.878194366723,0.965211714232,
614,0.239246686817,0.51767030923,
616,0.893762939959,
617,0.652010178117,0.660050890585,0.311857506361,
618,0.253149937001,0.497375052499,
619,0.950220079648,0.706874869,0.289352337036,0.455879270593,0.696814085097,0.635401383358,
622,0.767279851965,0.352672254272,0.686404702297,0.698704691412,
623,0.523908308267,
624,0.504196456326,
625,0.767254562137,0.790600468957,0.940768681823,0.983076766235,0.968906106637,0.760933836273,
626,0.388116914231,
627,0.480118629174,0.271089630931,0.288005272408,
628,0.740421241317,0.0284561953843,0.13611920233,0.479610127717,0.621330943312,0.618194039883,0.5978041676,0.355590410038,0.214541788035,0.239861079991,
629,0.334827586207,0.668275862069,0.955517241379,0.76908045977,
630,0.0720227670753,
631,0.793063704946,0.268021793797,0.77409891031,0.0640192791282,0.433675607712,0.563181056161,
632,0.940832966064,0.873622741296,0.781181137065,0.960775672102,
633,0.166410557715,0.714634366808,0.330109373588,0.877790834313,0.947301816867,0.521015999277,0.830606526259,0.0552291421857,0.897315375576,0.885926059839,0.989333815421,0.943414986893,
634,0.596820258949,0.62814166032,0.677837014471,0.00247524752475,0.500761614623,0.11290936786,0.610148514851,0.591679360244,0.658701447068,0.496477532369,0.705445544554,0.503332063976,0.547124904798,0.463537699924,
635,0.743519029233,0.86332046332,0.866850523993,0.606839492554,0.345063430778,
636,0.234168797954,0.766342710997,0.15652173913,
637,0.881891389635,0.733636175924,
638,0.710517675386,0.216372988946,0.000547225566378,0.567801247674,
639,0.11261549721,0.303997804409,0.740828835422,0.141249656939,0.921599121764,0.525386515415,0.71118836337,0.816668191382,0.885005946391,0.53673039978,0.348732961303,0.774403073827,0.448998261824,0.936693806605,0.712469124508,0.419357789772,0.98307565639,0.822431616504,0.63946573964,0.811362180953,0.881163662977,0.538102643857,0.452200164669,0.436922513951,0.851340225048,0.367303997804,0.39612112341,
640,0.892779494221,0.493534729374,0.583247511157,0.917953999313,0.24041652363,0.600755235153,0.866231834306,0.553266964184,0.0264332303467,
643,0.719715250965,0.538730694981,0.655284749035,0.525458494208,
644,0.824283211948,0.499953904305,0.30155803448,0.759011708306,0.172582280815,0.247994837282,0.212408961003,0.56070802987,0.767769890292,0.558403245137,0.840969853416,0.555545312068,0.620079284595,0.534986632249,0.570388125749,0.554162441228,0.930948649396,0.749976952153,0.954273070895,0.286346455241,
645,0.730721463249,0.996499943547,0.45241052275,0.940499040307,0.688720785819,
646,0.121374865736,0.571858216971,0.69462943072,
647,0.615794244278,0.0662814411965,0.956265578971,0.929866304102,0.7869929753,
648,0.635519247986,0.420769919427,0.384288272158,0.809982094897,0.822627573859,0.963854073411,0.733102059087,0.177596239928,
649,0.552244039271,0.737844787284,
651,0.358156385227,0.943946865251,0.780215356748,0.995270202274,0.246251383717,0.299285498641,0.771258931267,0.951796316796,0.840595753245,
652,0.0358013744181,
653,0.886485066129,0.71761408426,0.851975124814,0.832180082333,0.827362704739,0.726110186564,0.75396338793,0.717088552159,0.719628623982,0.745467285627,0.052991153543,0.887886485066,0.54944381186,0.67706052378,0.38451432075,0.648681790313,0.727073662083,0.69212577735,0.546465796619,0.588858719453,0.341420688447,0.936673381799,0.44608916528,0.680651659806,0.281334851537,
654,0.944030719106,0.693797998604,0.703630439842,0.913718873633,0.230509657901,0.600535257156,0.976960670235,0.269781242727,0.05695834303,0.897952059576,0.168606004189,0.215033744473,0.186176402141,0.0200139632302,0.250814521759,0.249883639749,0.667209681173,0.234640446823,
655,0.381390496064,0.598406525657,0.38765057384,0.365360902969,0.670018021436,0.546523759841,0.684719719245,0.625818078346,0.779379683202,0.529640519776,0.717727402068,0.80821398084,0.633121502419,0.827183913497,0.269562743052,0.77786208859,0.832495494641,0.744095608461,0.720003793987,0.728540263682,0.719624395333,0.647254102248,0.697145025135,
656,0.961235277752,0.831215802652,0.920152091255,0.170638968747,0.962348140592,0.618288045998,0.567374571084,0.930446072522,
657,0.968193660443,0.784411636995,0.889600521059,
658,0.108192485736,0.329852513726,0.666379588761,0.561093766821,0.764452578318,0.72408224782,0.692431908709,
659,0.861253120913,
660,0.30612716763,0.299884393064,0.707167630058,0.604855491329,0.440115606936,0.174913294798,
661,0.540585599667,0.560904449307,0.691466083151,
662,0.838606327593,0.882559070885,0.762214657589,0.95034040849,0.978774529435,
665,0.918374988299,0.130394084059,0.554806702237,0.759805298137,0.738743798558,0.30047739399,0.527192736123,0.764204811383,
667,0.535162233672,0.244394931068,0.945829271689,0.181311795015,0.453975769391,0.620665645453,0.556329202061,
670,0.253480278422,0.583430007734,0.279389017788,0.552494199536,
671,0.895333797632,0.993433489205,0.919709481644,0.687493781713,0.751169037907,0.724902994727,0.837230126356,0.961695353696,0.961695353696,0.898517560442,0.898517560442,0.676151626704,0.92030643717,0.907571385932,0.885981494379,0.913938911551,0.889065764601,0.851756044175,0.851756044175,0.738036016317,0.0637747487812,0.833150930256,0.598348423042,0.829270719331,0.890160183066,0.742513182768,0.871953039499,
672,0.954064672106,0.878613881334,0.159161881737,0.721768913065,0.957489674625,0.187569255566,0.58255263423,0.662234310466,0.723279943588,0.634330613478,0.650448272388,0.885060944898,0.281555354085,0.497431248111,0.782411604714,0.536818777073,
673,0.660139211137,0.632018561485,0.666450116009,0.323341067285,0.746821345708,0.709141531323,0.374385150812,0.75777262181,0.745150812065,0.60464037123,0.959164733179,
674,0.357993608986,0.927665343275,0.743584777767,0.755979471289,0.627675026629,0.678706303864,0.926503340757,0.784642200058,0.7106613731,0.882637745715,
675,0.303433922997,0.929448491155,0.0740894901145,0.0740894901145,0.038813735692,
676,0.784190942917,0.720755059443,0.720755059443,0.672021054542,0.979353843361,0.857745711952,0.857745711952,0.757827389055,0.852754333424,0.758417279245,0.619112442145,0.934522188946,0.892186223795,0.965287231146,0.827661312279,0.845811779653,0.500272257011,0.895725564933,0.946546873582,0.972502041928,0.92717124966,0.882566476087,0.867864597513,0.923132770669,0.944096560486,0.907205735548,0.832607314638,0.910382067338,0.626644886106,0.849895634813,0.796397132226,0.774435066703,0.557809238588,0.843225338052,0.653825210999,0.611625374353,0.829930120701,0.865414284418,0.650558126872,0.795671113531,0.65872583719,0.861148924585,0.745076685725,0.780107087758,0.646746528723,0.191714311644,0.710273164534,0.700018150467,0.62419457301,0.828659587984,0.829793992195,0.823305200109,0.821671658045,0.831155277248,0.718304746347,0.703512115437,0.691986568654,0.799709592522,0.78555222797,0.802250657954,0.885152917688,0.802704419639,0.7658135947,0.595879843906,0.943597422634,0.837144931482,0.882248842908,0.700154278973,0.906751973863,0.845584898811,0.73768037027,0.826209274889,0.704964152827,0.750567202105,0.551229694165,0.74811688901,0.679099736818,0.85230057174,0.767628641438,0.840729648788,0.761230601688,0.891324076595,0.760368454488,0.814955985117,0.789499954624,0.838052454851,0.797803793448,0.851483800708,0.74725474181,0.607133133678,0.841954805336,0.961884018513,0.828931844995,0.81427534259,0.720119793085,0.638578818405,0.469144205463,0.87144931482,0.919774934205,0.738587893638,0.798212178964,0.735774571195,0.799391959343,0.522960341229,0.807332788819,0.807332788819,0.704419638806,0.699337507941,0.706461566385,0.607496143026,0.721526454306,0.821444777203,0.899083401398,0.669706869952,0.836600417461,0.713994010346,0.535665668391,0.969325710137,0.761684363372,0.942190761412,0.816771031854,0.541246937109,0.77742989382,0.463109175061,0.491333151829,0.806652146293,0.685860785915,0.718758508032,0.872129957346,0.87058716762,0.80760504583,0.58444504946,0.804065704692,0.907024230874,0.990153371449,0.910245938833,0.82530175152,0.973228060623,0.942962156276,0.872629095199,0.913059261276,0.937154006716,0.777339141483,0.886604955078,0.837553316998,0.942372266086,0.901579090662,0.798257555132,0.65264543062,0.824666485162,0.778836555041,0.777248389146,0.974634721844,0.85171068155,0.724702786097,0.896270078955,0.969960976495,
687,0.672434729812,0.407002631046,0.841732442825,0.955879376644,0.0177089657964,0.821898401133,0.606658571139,0.800344059907,0.349524387776,0.246306415705,0.605545436147,0.753794778385,0.606354988869,
688,0.439046435431,0.470455315784,0.817760705005,
689,0.680662983425,0.817127071823,0.388397790055,0.76044198895,0.389502762431,0.219337016575,0.534696132597,0.688508287293,
690,0.855074090705,0.185114503817,0.363718006286,0.434216434665,0.660754378087,
691,0.927026727293,0.905733614284,0.617611178884,
692,0.544381107492,
693,0.899255687179,0.0682461473949,
694,0.985237483954,0.547175866496,0.639281129653,0.987911852803,0.68324775353,0.579589216945,0.130295250321,0.826807873342,
695,0.39294850406,0.414636859081,0.98709820932,0.0522744967189,0.320209097987,0.287954621288,0.00367033700367,0.341230119008,0.904904904905,
696,0.850544339922,0.198076313286,0.490223020822,
697,0.45675855936,0.450755891507,0.10838150289,0.962650066696,0.922076478435,0.899733214762,0.331369497554,
698,0.226301534758,0.260908817334,0.395927374862,0.46403851941,0.53746614505,0.571973116662,
699,0.860538163543,0.505182703382,0.520992566223,0.520992566223,
702,0.880769932494,0.787082649152,
703,0.706762028609,0.0265496315561,0.580082358041,0.597420892935,0.075422626788,0.685413957521,0.0399869960988,
704,0.824009603842,
705,0.0567358763882,0.70871559633,0.776074360212,
706,0.833653476758,0.0400819567166,0.721987450378,0.383915994365,0.595850941222,
707,0.0839249492901,
710,0.637155457552,0.476957001103,
711,0.33093252464,0.99835734142,0.436189032095,0.441369724539,0.475486479656,
713,0.691287692761,0.74756900108,0.299577644632,
715,0.622562520657,0.215269362124,0.887848408064,0.59468987551,0.855238514928,0.782306929602,0.597113583783,0.822848958907,
716,0.876327689557,0.475339152382,0.839625617836,0.928804290672,0.134609317489,0.273425176149,
717,0.581635665781,0.619820883771,0.119968507037,0.446117508119,0.966243479972,
718,0.528980481522,0.530466660061,0.836124046369,
719,0.42037470726,0.881413668299,0.973493719395,0.411645731318,0.980519480519,0.237811368959,0.844368746008,0.819352778369,0.833297849691,0.829465616351,0.956674473068,
720,0.880610914509,0.586701434159,0.90640715217,0.783013596573,0.778264108773,0.911901657664,0.548146768486,0.690817656919,0.181784317378,0.492177314211,0.635779474763,0.825945241199,0.835909852859,0.872974483144,0.933041534736,0.129446824362,0.919351834606,0.822406407152,0.545073570497,
721,0.838308215848,0.643461351483,0.635002430724,0.473116188624,0.119980554205,0.672435585805,0.695187165775,
722,0.580854835533,0.510439235769,0.915796730353,0.316722473902,0.620642111483,0.575142800867,0.943273586764,
723,0.601841196778,0.437807302019,0.606548802176,0.890678941312,0.735223349723,0.907521707292,0.881996024689,0.868500889214,0.724134323674,0.584161523172,
724,0.581753290207,
725,0.877510483337,0.547340542927,
726,0.855613780801,
727,0.92127022169,
728,0.0599412135209,0.753831618728,0.493491496956,0.146441318497,0.439533907201,0.568864161243,0.0192105815662,0.916544194835,0.630380012597,0.64990552173,0.583245853454,0.388830568969,0.46577787109,0.65368465253,
729,0.690814256737,0.498406259055,0.763353617309,0.151067323481,0.386651212209,0.556650246305,0.491258572394,0.94175601275,0.215106732348,0.586883029074,0.776200135227,0.665121220902,0.549888921086,0.481213174925,0.694388100068,0.279629093017,
730,0.154804790186,0.825333463149,0.397721740824,0.915879661182,0.478434427028,0.318761561679,0.236783175932,0.949372018304,0.845487294324,
732,0.661580641316,
753,0.31123174357,0.910042652191,
754,0.17568176696,0.0358350236646,0.346630606265,0.37908496732,0.866013071895,0.846405228758,0.584065810232,
756,0.0087787531948,
757,0.807939097336,0.38129418162,
758,0.0824654421511,0.95067222117,0.871047150161,0.46875591744,0.908729407309,0.544309789813,0.84718803257,0.718424540807,0.877864040901,0.835163794736,
759,0.653802261645,0.622989936715,0.354393609296,0.403568834941,0.765224608362,0.640834111422,0.610748002905,0.818134661272,
760,0.790879257667,0.893289577911,0.912074233337,
761,0.892182051753,0.892182051753,0.389429253074,0.687006790237,0.559552211415,0.531932464672,0.870526702147,
763,0.240698707194,0.452481989539,0.213757031481,0.371064837659,0.523734333366,0.829665449521,
797,0.270707531047,0.999316395124,0.538908510881,0.00660818047169,0.184117580039,
802,0.67735083993,0.891484842634,0.638057540066,0.381347750531,
803,0.408023706405,0.0912924549806,0.16890813768,
804,0.989155189242,0.754581932545,0.982865199002,0.279362325127,0.00488016484112,
805,0.944267352185,0.9135218509,
806,0.578278979986,0.679162856853,0.53103728538,0.408005689322,0.658234278167,0.606827186833,0.764502692269,
807,0.694605630776,
809,0.160122699387,0.175337423313,
811,0.767144941634,0.907465953307,0.262767509728,0.387281128405,0.333535992218,0.663788910506,0.769941634241,0.745987354086,0.813715953307,0.17594844358,0.790734435798,
812,0.584366980325,
813,0.86144449207,0.302507501072,0.718709815688,
815,0.593271905424,0.0605876216968,0.385778859527,0.747739916551,0.616742002782,0.789551460362,0.63995132128,0.79607093185,0.514777468707,0.60657162726,0.409683588317,0.554155076495,0.791203059805,0.545984005563,0.619436717663,
816,0.540644638151,
817,0.943027369205,0.943027369205,0.22695959784,0.845000930925,0.827964997207,0.723980636753,0.557158815863,0.588251722212,0.501303295476,
819,0.898603461841,0.647128245476,0.921715184894,0.738296616837,0.723544453186,0.350806451613,0.67358379229,0.566089693155,0.412077104642,0.55615656963,0.503245476003,0.304976396538,
820,0.761483594864,0.54626723728,0.00608654303376,0.97070851165,0.985544460295,0.962529719448,0.355682358535,0.696433666191,0.464289110794,0.0238706609605,
821,0.28960782274,0.138562363466,0.609799230209,0.0116508894206,0.188494746697,0.59804431499,0.519192759804,0.351503172787,0.834911057942,
822,0.890848377335,0.957111551706,0.98299071272,0.334237712616,0.976103516644,0.637065637066,
823,0.486032388664,0.847368421053,0.73532388664,0.523279352227,0.682085020243,0.709311740891,0.820647773279,0.134615384615,0.892813765182,0.283400809717,0.853542510121,0.609008097166,
824,0.533090597558,0.448490040694,0.448490040694,0.433711715571,0.569393874491,0.23688155922,0.768579995716,0.0536517455558,0.632897836796,0.748233026344,0.177339901478,0.607517669737,0.393124866138,0.454487042193,0.0914542728636,
825,0.117494089835,0.770212765957,
826,0.726493983276,0.785539465633,0.838058331634,
827,0.677878950187,0.417139796465,0.809962506695,0.412854847349,0.651526513123,0.549651847884,
828,0.908672436015,0.363837230713,0.947707604493,0.751979377647,0.452494936476,0.88528816056,0.689467869637,0.188178972565,0.446142515191,0.702725096667,0.266617565826,0.314306757503,0.534063708341,0.815227398269,
829,0.990820424555,0.97112258558,0.877318799006,0.0904570663607,0.898929049531,0.809810671256,0.904666284184,0.130139606043,0.836775674125,0.855421686747,0.655861541404,0.840026773762,0.878753107669,0.951807228916,
830,0.79114857745,0.722128556375,0.593677555321,0.903477344573,0.424868282403,0.381032665964,0.855953635406,0.40937829294,0.669757639621,0.178925184405,0.178925184405,0.649736564805,0.430347734457,0.814541622761,0.0688092729189,0.0674394099052,0.482718651212,0.502739726027,0.417597471022,0.587776606955,0.882191780822,
832,0.387511803588,
833,0.557263734954,
835,0.842999630587,
837,0.856310325988,0.905936987798,0.815061008924,0.629666727372,0.716536150064,0.794755053724,0.934347113458,0.930340557276,0.388362775451,0.670733928246,0.917319249681,0.814605718448,0.694682207248,0.85221271171,0.987433982881,0.714806046258,
839,0.36460496614,0.539051918736,
842,0.0493300852619,
843,0.381644562334,
846,0.990711082639,0.644992526158,0.822015801836,
847,0.752788696484,
