0.71186440678,0.668711656442,0.88679245283
0.724137931034,0.670807453416,0.884328358209
0.724137931034,0.675,0.884758364312
0.694915254237,0.654320987654,0.883458646617
0.694915254237,0.675,0.888059701493
0.694915254237,0.6625,0.880597014925
0.71186440678,0.672727272727,0.897338403042
0.719298245614,0.664634146341,0.887218045113
0.688524590164,0.660377358491,0.883895131086
0.706896551724,0.670807453416,0.884328358209
0.701754385965,0.670731707317,0.894736842105
0.736842105263,0.680981595092,0.89138576779
0.694915254237,0.664596273292,0.887640449438
0.716666666667,0.670807453416,0.887218045113
0.696428571429,0.658536585366,0.883895131086
0.693548387097,0.664596273292,0.886363636364
0.694915254237,0.658385093168,0.883895131086
0.71186440678,0.66875,0.884328358209
0.701754385965,0.666666666667,0.884328358209
0.724137931034,0.672839506173,0.887640449438
0.694915254237,0.652173913043,0.880149812734
0.724137931034,0.67701863354,0.888059701493
0.694915254237,0.6625,0.880597014925
0.706896551724,0.674846625767,0.890977443609
0.689655172414,0.662576687117,0.890977443609
0.683333333333,0.675,0.89138576779
0.7,0.666666666667,0.88679245283
0.71186440678,0.670886075949,0.881481481481
0.706896551724,0.670807453416,0.888059701493
0.706896551724,0.658385093168,0.880597014925
0.7,0.664596273292,0.883458646617
0.7,0.670807453416,0.887218045113
0.701754385965,0.66875,0.881481481481
0.7,0.66875,0.883895131086
0.696428571429,0.66049382716,0.884758364312
0.732142857143,0.664634146341,0.887640449438
0.689655172414,0.662576687117,0.887218045113
0.714285714286,0.666666666667,0.897338403042
0.7,0.66875,0.887640449438
0.694915254237,0.666666666667,0.887218045113
0.706896551724,0.672839506173,0.887640449438
0.716666666667,0.672727272727,0.893129770992
0.701754385965,0.666666666667,0.884328358209
0.719298245614,0.668711656442,0.883895131086
0.696428571429,0.664634146341,0.887640449438
0.704918032787,0.670807453416,0.890566037736
