forest_20f_200_estim;[0.7857142857142857, 0.45945945945945948, 0.70481927710843373];[0.85492227979274615, 0.38059701492537312, 0.73124999999999996];0.683778234086;
forest_20f_200_estim;[0.79425837320574166, 0.4642857142857143, 0.71084337349397586];[0.86010362694300513, 0.38805970149253732, 0.73750000000000004];0.689938398357;
forest_20f_200_estim;[0.79523809523809519, 0.47368421052631576, 0.69938650306748462];[0.86528497409326421, 0.40000000000000002, 0.71698113207547165];0.687885010267;
forest_20f_200_estim;[0.78773584905660377, 0.47368421052631576, 0.7142857142857143];[0.86528497409326421, 0.40000000000000002, 0.72327044025157228];0.689938398357;
forest_20f_200_estim;[0.79710144927536231, 0.48275862068965519, 0.71951219512195119];[0.859375, 0.4148148148148148, 0.73750000000000004];0.696098562628;
forest_20f_200_estim;[0.79425837320574166, 0.50467289719626163, 0.70760233918128657];[0.86010362694300513, 0.40000000000000002, 0.76100628930817615];0.700205338809;
forest_20f_200_estim;[0.78846153846153844, 0.4642857142857143, 0.71257485029940115];[0.84974093264248707, 0.38518518518518519, 0.74842767295597479];0.687885010267;
forest_20f_200_estim;[0.79326923076923073, 0.47008547008547008, 0.72222222222222221];[0.85492227979274615, 0.41044776119402987, 0.73124999999999996];0.691991786448;
forest_20f_200_estim;[0.78672985781990523, 0.48672566371681414, 0.71165644171779141];[0.86010362694300513, 0.40740740740740738, 0.72955974842767291];0.691991786448;
forest_20f_200_estim;[0.79326923076923073, 0.5, 0.73053892215568861];[0.85492227979274615, 0.4148148148148148, 0.76729559748427678];0.70431211499;
forest_20f_200_estim;[0.78365384615384615, 0.46086956521739131, 0.71341463414634143];[0.84895833333333337, 0.3925925925925926, 0.73124999999999996];0.683778234086;
forest_20f_200_estim;[0.77934272300469487, 0.47272727272727272, 0.71341463414634143];[0.86458333333333337, 0.38518518518518519, 0.73124999999999996];0.687885010267;
forest_20f_200_estim;[0.7857142857142857, 0.46363636363636362, 0.71856287425149701];[0.85492227979274615, 0.38059701492537312, 0.75];0.689938398357;
forest_20f_200_estim;[0.78773584905660377, 0.48214285714285715, 0.71779141104294475];[0.86528497409326421, 0.40298507462686567, 0.73124999999999996];0.694045174538;
forest_20f_200_estim;[0.78846153846153844, 0.47413793103448276, 0.7239263803680982];[0.84974093264248707, 0.40740740740740738, 0.74213836477987416];0.691991786448;
forest_20f_200_estim;[0.78037383177570097, 0.47663551401869159, 0.72289156626506024];[0.86528497409326421, 0.38059701492537312, 0.75];0.694045174538;
forest_20f_200_estim;[0.78468899521531099, 0.46086956521739131, 0.71779141104294475];[0.85416666666666663, 0.3925925925925926, 0.73124999999999996];0.685831622177;
