forest_1f_200_estim;[0.79534883720930227, 0.49056603773584906, 0.72289156626506024];[0.890625, 0.38518518518518519, 0.75];0.70431211499;
forest_1f_200_estim;[0.78672985781990523, 0.45454545454545453, 0.7168674698795181];[0.86458333333333337, 0.37037037037037035, 0.74375000000000002];0.687885010267;
forest_1f_200_estim;[0.79439252336448596, 0.48148148148148145, 0.72727272727272729];[0.88541666666666663, 0.38518518518518519, 0.75];0.702258726899;
forest_1f_200_estim;[0.79439252336448596, 0.48113207547169812, 0.73053892215568861];[0.88082901554404147, 0.38059701492537312, 0.76249999999999996];0.70431211499;
forest_1f_200_estim;[0.79166666666666663, 0.5, 0.72189349112426038];[0.890625, 0.37777777777777777, 0.76249999999999996];0.70636550308;
forest_1f_200_estim;[0.79245283018867929, 0.47272727272727272, 0.7151515151515152];[0.875, 0.38518518518518519, 0.73750000000000004];0.694045174538;
forest_1f_200_estim;[0.78341013824884798, 0.48039215686274511, 0.7142857142857143];[0.88541666666666663, 0.36296296296296299, 0.75];0.696098562628;
forest_1f_200_estim;[0.79342723004694837, 0.47222222222222221, 0.7168674698795181];[0.87564766839378239, 0.38059701492537312, 0.74375000000000002];0.696098562628;
forest_1f_200_estim;[0.79069767441860461, 0.48113207547169812, 0.7168674698795181];[0.88541666666666663, 0.37777777777777777, 0.74375000000000002];0.698151950719;
forest_1f_200_estim;[0.78971962616822433, 0.46788990825688076, 0.71341463414634143];[0.87564766839378239, 0.37777777777777777, 0.73584905660377353];0.691991786448;
forest_1f_200_estim;[0.79245283018867929, 0.47222222222222221, 0.72455089820359286];[0.8704663212435233, 0.38059701492537312, 0.75624999999999998];0.698151950719;
forest_1f_200_estim;[0.79069767441860461, 0.46153846153846156, 0.70238095238095233];[0.88082901554404147, 0.35820895522388058, 0.73750000000000004];0.689938398357;
forest_1f_200_estim;[0.79069767441860461, 0.46226415094339623, 0.70481927710843373];[0.88541666666666663, 0.36296296296296299, 0.73124999999999996];0.689938398357;
forest_1f_200_estim;[0.79716981132075471, 0.47663551401869159, 0.7142857142857143];[0.87564766839378239, 0.38059701492537312, 0.75];0.698151950719;
forest_1f_200_estim;[0.79620853080568721, 0.48181818181818181, 0.71084337349397586];[0.875, 0.3925925925925926, 0.73750000000000004];0.696098562628;
forest_1f_200_estim;[0.784037558685446, 0.44859813084112149, 0.70658682634730541];[0.86528497409326421, 0.35820895522388058, 0.73750000000000004];0.683778234086;
forest_1f_200_estim;[0.79245283018867929, 0.49090909090909091, 0.72121212121212119];[0.875, 0.40000000000000002, 0.74375000000000002];0.700205338809;
forest_1f_200_estim;[0.79620853080568721, 0.4642857142857143, 0.72560975609756095];[0.875, 0.38518518518518519, 0.74375000000000002];0.696098562628;
forest_1f_200_estim;[0.78899082568807344, 0.50961538461538458, 0.72121212121212119];[0.89119170984455953, 0.3925925925925926, 0.74842767295597479];0.70636550308;
forest_1f_200_estim;[0.79534883720930227, 0.47169811320754718, 0.70481927710843373];[0.88601036269430056, 0.37037037037037035, 0.73584905660377353];0.694045174538;
forest_1f_200_estim;[0.7981220657276995, 0.47706422018348627, 0.7151515151515152];[0.88082901554404147, 0.38518518518518519, 0.74213836477987416];0.698151950719;
forest_1f_200_estim;[0.79439252336448596, 0.48076923076923078, 0.71597633136094674];[0.88541666666666663, 0.37037037037037035, 0.75624999999999998];0.700205338809;
forest_1f_200_estim;[0.79245283018867929, 0.46728971962616822, 0.70833333333333337];[0.8704663212435233, 0.37037037037037035, 0.74842767295597479];0.691991786448;
forest_1f_200_estim;[0.79534883720930227, 0.47663551401869159, 0.72121212121212119];[0.88601036269430056, 0.38059701492537312, 0.74375000000000002];0.700205338809;
forest_1f_200_estim;[0.79069767441860461, 0.48623853211009177, 0.73006134969325154];[0.88541666666666663, 0.3925925925925926, 0.74375000000000002];0.702258726899;
forest_1f_200_estim;[0.79904306220095689, 0.45370370370370372, 0.69411764705882351];[0.86528497409326421, 0.36296296296296299, 0.74213836477987416];0.685831622177;
forest_1f_200_estim;[0.79620853080568721, 0.4732142857142857, 0.71951219512195119];[0.8704663212435233, 0.3925925925925926, 0.74213836477987416];0.696098562628;
forest_1f_200_estim;[0.78971962616822433, 0.48148148148148145, 0.72121212121212119];[0.87564766839378239, 0.38805970149253732, 0.74375000000000002];0.698151950719;
forest_1f_200_estim;[0.80188679245283023, 0.5, 0.72727272727272729];[0.88082901554404147, 0.40740740740740738, 0.75471698113207553];0.70841889117;
forest_1f_200_estim;[0.78604651162790695, 0.47619047619047616, 0.72455089820359286];[0.88020833333333337, 0.37037037037037035, 0.75624999999999998];0.698151950719;
forest_1f_200_estim;[0.79439252336448596, 0.49107142857142855, 0.72670807453416153];[0.88082901554404147, 0.40740740740740738, 0.73584905660377353];0.702258726899;
forest_1f_200_estim;[0.78604651162790695, 0.47706422018348627, 0.7239263803680982];[0.88020833333333337, 0.38518518518518519, 0.73750000000000004];0.696098562628;
forest_1f_200_estim;[0.79620853080568721, 0.48113207547169812, 0.71764705882352942];[0.875, 0.37777777777777777, 0.76249999999999996];0.700205338809;
forest_1f_200_estim;[0.79245283018867929, 0.49541284403669728, 0.72289156626506024];[0.875, 0.40000000000000002, 0.75];0.702258726899;
forest_1f_200_estim;[0.78037383177570097, 0.46728971962616822, 0.72891566265060237];[0.86528497409326421, 0.37313432835820898, 0.75624999999999998];0.694045174538;
forest_1f_200_estim;[0.78604651162790695, 0.46788990825688076, 0.7239263803680982];[0.87564766839378239, 0.37777777777777777, 0.74213836477987416];0.694045174538;
forest_1f_200_estim;[0.79245283018867929, 0.46788990825688076, 0.7168674698795181];[0.8704663212435233, 0.37777777777777777, 0.74842767295597479];0.694045174538;
forest_1f_200_estim;[0.78971962616822433, 0.46728971962616822, 0.7168674698795181];[0.87564766839378239, 0.37037037037037035, 0.74842767295597479];0.694045174538;
forest_1f_200_estim;[0.79245283018867929, 0.46363636363636362, 0.70303030303030301];[0.8704663212435233, 0.37777777777777777, 0.72955974842767291];0.687885010267;
forest_1f_200_estim;[0.80094786729857825, 0.46728971962616822, 0.71597633136094674];[0.87564766839378239, 0.37313432835820898, 0.75624999999999998];0.698151950719;
forest_1f_200_estim;[0.79342723004694837, 0.48181818181818181, 0.73170731707317072];[0.88020833333333337, 0.3925925925925926, 0.75];0.702258726899;
forest_1f_200_estim;[0.79245283018867929, 0.47272727272727272, 0.72121212121212119];[0.875, 0.38518518518518519, 0.74375000000000002];0.696098562628;
forest_1f_200_estim;[0.78504672897196259, 0.48113207547169812, 0.72455089820359286];[0.875, 0.37777777777777777, 0.75624999999999998];0.698151950719;
forest_1f_200_estim;[0.7981220657276995, 0.48148148148148145, 0.71084337349397586];[0.88082901554404147, 0.38518518518518519, 0.74213836477987416];0.698151950719;
forest_1f_200_estim;[0.78971962616822433, 0.47706422018348627, 0.73170731707317072];[0.87564766839378239, 0.38805970149253732, 0.75];0.700205338809;
forest_1f_200_estim;[0.78082191780821919, 0.4854368932038835, 0.7151515151515152];[0.88601036269430056, 0.37037037037037035, 0.74213836477987416];0.696098562628;
forest_1f_200_estim;[0.79342723004694837, 0.48181818181818181, 0.72560975609756095];[0.88020833333333337, 0.3925925925925926, 0.74375000000000002];0.700205338809;
forest_1f_200_estim;[0.79523809523809519, 0.47706422018348627, 0.72023809523809523];[0.86979166666666663, 0.38518518518518519, 0.75624999999999998];0.698151950719;
forest_1f_200_estim;[0.784037558685446, 0.45871559633027525, 0.70909090909090911];[0.86979166666666663, 0.37037037037037035, 0.73124999999999996];0.685831622177;
forest_1f_200_estim;[0.78604651162790695, 0.49523809523809526, 0.72455089820359286];[0.88020833333333337, 0.38518518518518519, 0.75624999999999998];0.702258726899;
