0.863636363636,0.629411764706,0.847457627119
0.857142857143,0.625730994152,0.847457627119
0.833333333333,0.614942528736,0.847457627119
0.818181818182,0.621301775148,0.847972972973
0.857142857143,0.622093023256,0.84693877551
0.826086956522,0.617647058824,0.84693877551
0.772727272727,0.623529411765,0.850847457627
0.85,0.624277456647,0.853741496599
0.863636363636,0.633136094675,0.847972972973
0.857142857143,0.623529411765,0.847972972973
0.85,0.620689655172,0.853242320819
0.85,0.626436781609,0.853242320819
0.826086956522,0.625,0.847972972973
0.863636363636,0.629411764706,0.847457627119
0.857142857143,0.625730994152,0.847457627119
0.857142857143,0.625730994152,0.847457627119
0.85,0.627906976744,0.850847457627
