forest_20f_200_estim;[0.78947368421052633, 0.47008547008547008, 0.72670807453416153];[0.85492227979274615, 0.41044776119402987, 0.73124999999999996];0.691991786448;
forest_20f_200_estim;[0.79807692307692313, 0.5, 0.71856287425149701];[0.86010362694300513, 0.41791044776119401, 0.75];0.702258726899;
forest_20f_200_estim;[0.78365384615384615, 0.46086956521739131, 0.71341463414634143];[0.84895833333333337, 0.3925925925925926, 0.73124999999999996];0.683778234086;
forest_20f_200_estim;[0.7857142857142857, 0.47747747747747749, 0.71084337349397586];[0.85492227979274615, 0.39552238805970147, 0.73750000000000004];0.689938398357;
forest_20f_200_estim;[0.78846153846153844, 0.47457627118644069, 0.72670807453416153];[0.84974093264248707, 0.41791044776119401, 0.73124999999999996];0.691991786448;
forest_20f_200_estim;[0.78846153846153844, 0.46902654867256638, 0.71084337349397586];[0.85416666666666663, 0.3925925925925926, 0.73750000000000004];0.687885010267;
forest_20f_200_estim;[0.77830188679245282, 0.49549549549549549, 0.71951219512195119];[0.859375, 0.40740740740740738, 0.73750000000000004];0.694045174538;
forest_20f_200_estim;[0.79227053140096615, 0.47826086956521741, 0.7151515151515152];[0.85416666666666663, 0.40740740740740738, 0.73750000000000004];0.691991786448;
forest_20f_200_estim;[0.7874396135265701, 0.46902654867256638, 0.71257485029940115];[0.84455958549222798, 0.3925925925925926, 0.74842767295597479];0.687885010267;
forest_20f_200_estim;[0.78773584905660377, 0.48623853211009177, 0.71084337349397586];[0.86528497409326421, 0.3925925925925926, 0.74213836477987416];0.694045174538;
forest_20f_200_estim;[0.78468899521531099, 0.46551724137931033, 0.71604938271604934];[0.84974093264248707, 0.40298507462686567, 0.72499999999999998];0.685831622177;
forest_20f_200_estim;[0.79227053140096615, 0.46666666666666667, 0.72499999999999998];[0.85416666666666663, 0.4148148148148148, 0.72499999999999998];0.689938398357;
forest_20f_200_estim;[0.79047619047619044, 0.45535714285714285, 0.70909090909090911];[0.86010362694300513, 0.38059701492537312, 0.73124999999999996];0.685831622177;
forest_20f_200_estim;[0.77358490566037741, 0.47747747747747749, 0.72560975609756095];[0.84974093264248707, 0.39552238805970147, 0.74375000000000002];0.689938398357;
forest_20f_200_estim;[0.78468899521531099, 0.46610169491525422, 0.71875];[0.85416666666666663, 0.40740740740740738, 0.71875];0.685831622177;
forest_20f_200_estim;[0.79047619047619044, 0.47413793103448276, 0.72670807453416153];[0.86010362694300513, 0.40740740740740738, 0.73584905660377353];0.694045174538;
forest_20f_200_estim;[0.78199052132701419, 0.48181818181818181, 0.71084337349397586];[0.85492227979274615, 0.39552238805970147, 0.73750000000000004];0.689938398357;
forest_20f_200_estim;[0.78773584905660377, 0.47413793103448276, 0.71698113207547165];[0.86528497409326421, 0.40740740740740738, 0.71698113207547165];0.689938398357;
forest_20f_200_estim;[0.79245283018867929, 0.45217391304347826, 0.71250000000000002];[0.8704663212435233, 0.38805970149253732, 0.71250000000000002];0.685831622177;
forest_20f_200_estim;[0.79126213592233008, 0.45378151260504201, 0.71604938271604934];[0.84895833333333337, 0.40000000000000002, 0.72499999999999998];0.683778234086;
forest_20f_200_estim;[0.7857142857142857, 0.48623853211009177, 0.7142857142857143];[0.859375, 0.3925925925925926, 0.75];0.694045174538;
forest_20f_200_estim;[0.78773584905660377, 0.5, 0.71856287425149701];[0.86979166666666663, 0.40000000000000002, 0.75];0.700205338809;
forest_20f_200_estim;[0.7857142857142857, 0.49549549549549549, 0.72891566265060237];[0.859375, 0.40740740740740738, 0.75624999999999998];0.700205338809;
forest_20f_200_estim;[0.77830188679245282, 0.50458715596330272, 0.72289156626506024];[0.859375, 0.40740740740740738, 0.75];0.698151950719;
forest_20f_200_estim;[0.7857142857142857, 0.48648648648648651, 0.7168674698795181];[0.85492227979274615, 0.40298507462686567, 0.74375000000000002];0.694045174538;
forest_20f_200_estim;[0.78947368421052633, 0.46846846846846846, 0.70658682634730541];[0.85492227979274615, 0.38805970149253732, 0.73750000000000004];0.687885010267;
forest_20f_200_estim;[0.78846153846153844, 0.47413793103448276, 0.71779141104294475];[0.85416666666666663, 0.40740740740740738, 0.73124999999999996];0.689938398357;
forest_20f_200_estim;[0.78301886792452835, 0.48214285714285715, 0.71779141104294475];[0.86010362694300513, 0.40298507462686567, 0.73124999999999996];0.691991786448;
forest_20f_200_estim;[0.7874396135265701, 0.47058823529411764, 0.72049689440993792];[0.84455958549222798, 0.4148148148148148, 0.72955974842767291];0.687885010267;
forest_20f_200_estim;[0.7874396135265701, 0.45454545454545453, 0.72955974842767291];[0.84895833333333337, 0.40740740740740738, 0.72499999999999998];0.685831622177;
forest_20f_200_estim;[0.77511961722488043, 0.48245614035087719, 0.72560975609756095];[0.84375, 0.40740740740740738, 0.74375000000000002];0.689938398357;
forest_20f_200_estim;[0.78468899521531099, 0.49107142857142855, 0.7168674698795181];[0.85416666666666663, 0.40740740740740738, 0.74375000000000002];0.694045174538;
forest_20f_200_estim;[0.79047619047619044, 0.48672566371681414, 0.71951219512195119];[0.86458333333333337, 0.40740740740740738, 0.73750000000000004];0.696098562628;
forest_20f_200_estim;[0.77725118483412325, 0.47826086956521741, 0.72670807453416153];[0.84974093264248707, 0.40740740740740738, 0.73584905660377353];0.689938398357;
forest_20f_200_estim;[0.78260869565217395, 0.44827586206896552, 0.71341463414634143];[0.8393782383419689, 0.38805970149253732, 0.73124999999999996];0.679671457906;
forest_20f_200_estim;[0.78947368421052633, 0.48672566371681414, 0.72727272727272729];[0.85492227979274615, 0.40740740740740738, 0.75471698113207553];0.698151950719;
forest_20f_200_estim;[0.77830188679245282, 0.46902654867256638, 0.72222222222222221];[0.85492227979274615, 0.39552238805970147, 0.73124999999999996];0.687885010267;
forest_20f_200_estim;[0.79620853080568721, 0.4732142857142857, 0.71951219512195119];[0.8704663212435233, 0.39552238805970147, 0.73750000000000004];0.696098562628;
forest_20f_200_estim;[0.79126213592233008, 0.47413793103448276, 0.72121212121212119];[0.84895833333333337, 0.40740740740740738, 0.74375000000000002];0.691991786448;
forest_20f_200_estim;[0.78773584905660377, 0.5, 0.72670807453416153];[0.86979166666666663, 0.42222222222222222, 0.73124999999999996];0.700205338809;
forest_20f_200_estim;[0.78365384615384615, 0.46017699115044247, 0.71084337349397586];[0.84895833333333337, 0.38518518518518519, 0.73750000000000004];0.683778234086;
forest_20f_200_estim;[0.7874396135265701, 0.45454545454545453, 0.71698113207547165];[0.84455958549222798, 0.40740740740740738, 0.71698113207547165];0.681724845996;
forest_20f_200_estim;[0.78468899521531099, 0.47008547008547008, 0.72670807453416153];[0.84974093264248707, 0.41044776119402987, 0.73124999999999996];0.689938398357;
forest_20f_200_estim;[0.78773584905660377, 0.49137931034482757, 0.73584905660377353];[0.86528497409326421, 0.42222222222222222, 0.73584905660377353];0.700205338809;
forest_20f_200_estim;[0.78947368421052633, 0.4732142857142857, 0.7168674698795181];[0.85492227979274615, 0.3925925925925926, 0.74842767295597479];0.691991786448;
forest_20f_200_estim;[0.78468899521531099, 0.47747747747747749, 0.73053892215568861];[0.84974093264248707, 0.39552238805970147, 0.76249999999999996];0.696098562628;
forest_20f_200_estim;[0.77570093457943923, 0.46902654867256638, 0.71250000000000002];[0.86010362694300513, 0.3925925925925926, 0.71698113207547165];0.683778234086;
forest_20f_200_estim;[0.79710144927536231, 0.44736842105263158, 0.71084337349397586];[0.85492227979274615, 0.38059701492537312, 0.73750000000000004];0.685831622177;
forest_20f_200_estim;[0.79716981132075471, 0.49090909090909091, 0.72121212121212119];[0.87564766839378239, 0.40298507462686567, 0.74375000000000002];0.702258726899;
forest_20f_200_estim;[0.79047619047619044, 0.47058823529411764, 0.72151898734177211];[0.86010362694300513, 0.41791044776119401, 0.71250000000000002];0.689938398357;
forest_20f_200_estim;[0.79512195121951224, 0.48275862068965519, 0.7168674698795181];[0.84895833333333337, 0.4148148148148148, 0.74375000000000002];0.694045174538;
forest_20f_200_estim;[0.78199052132701419, 0.49074074074074076, 0.72023809523809523];[0.859375, 0.3925925925925926, 0.75624999999999998];0.696098562628;
forest_20f_200_estim;[0.78301886792452835, 0.49107142857142855, 0.7239263803680982];[0.86010362694300513, 0.41044776119402987, 0.73750000000000004];0.696098562628;
forest_20f_200_estim;[0.78773584905660377, 0.49137931034482757, 0.72955974842767291];[0.86528497409326421, 0.42222222222222222, 0.72955974842767291];0.698151950719;
forest_20f_200_estim;[0.77619047619047621, 0.47787610619469029, 0.71341463414634143];[0.84895833333333337, 0.40000000000000002, 0.73124999999999996];0.685831622177;
forest_20f_200_estim;[0.79523809523809519, 0.48648648648648651, 0.72289156626506024];[0.86528497409326421, 0.40298507462686567, 0.75];0.700205338809;
forest_20f_200_estim;[0.78301886792452835, 0.5, 0.71779141104294475];[0.86458333333333337, 0.4148148148148148, 0.73124999999999996];0.696098562628;
forest_20f_200_estim;[0.77990430622009566, 0.45614035087719296, 0.71951219512195119];[0.84895833333333337, 0.38518518518518519, 0.73750000000000004];0.683778234086;
forest_20f_200_estim;[0.7857142857142857, 0.48648648648648651, 0.72289156626506024];[0.85492227979274615, 0.40000000000000002, 0.75471698113207553];0.696098562628;
forest_20f_200_estim;[0.79611650485436891, 0.47413793103448276, 0.70303030303030301];[0.84974093264248707, 0.40740740740740738, 0.72955974842767291];0.687885010267;
forest_20f_200_estim;[0.77619047619047621, 0.45945945945945948, 0.70481927710843373];[0.84895833333333337, 0.37777777777777777, 0.73124999999999996];0.679671457906;
forest_20f_200_estim;[0.78846153846153844, 0.46956521739130436, 0.73170731707317072];[0.85416666666666663, 0.40000000000000002, 0.75];0.694045174538;
forest_20f_200_estim;[0.77725118483412325, 0.47706422018348627, 0.70658682634730541];[0.85416666666666663, 0.38518518518518519, 0.73750000000000004];0.685831622177;
forest_20f_200_estim;[0.77725118483412325, 0.48181818181818181, 0.72891566265060237];[0.85416666666666663, 0.3925925925925926, 0.75624999999999998];0.694045174538;
forest_20f_200_estim;[0.79326923076923073, 0.47008547008547008, 0.71604938271604934];[0.859375, 0.40740740740740738, 0.72499999999999998];0.689938398357;
forest_20f_200_estim;[0.784037558685446, 0.47706422018348627, 0.70303030303030301];[0.86528497409326421, 0.38805970149253732, 0.72499999999999998];0.687885010267;
forest_20f_200_estim;[0.77884615384615385, 0.45378151260504201, 0.71875];[0.84375, 0.40000000000000002, 0.71875];0.679671457906;
forest_20f_200_estim;[0.79425837320574166, 0.49090909090909091, 0.70238095238095233];[0.86458333333333337, 0.40000000000000002, 0.73750000000000004];0.694045174538;
forest_20f_200_estim;[0.784037558685446, 0.46902654867256638, 0.72670807453416153];[0.86979166666666663, 0.3925925925925926, 0.73124999999999996];0.691991786448;
forest_20f_200_estim;[0.78947368421052633, 0.4732142857142857, 0.70481927710843373];[0.859375, 0.3925925925925926, 0.73124999999999996];0.687885010267;
forest_20f_200_estim;[0.7874396135265701, 0.47457627118644069, 0.72839506172839508];[0.84455958549222798, 0.4148148148148148, 0.74213836477987416];0.691991786448;
forest_20f_200_estim;[0.79611650485436891, 0.47863247863247865, 0.71951219512195119];[0.85416666666666663, 0.4148148148148148, 0.73750000000000004];0.694045174538;
forest_20f_200_estim;[0.79227053140096615, 0.47787610619469029, 0.71856287425149701];[0.84974093264248707, 0.40298507462686567, 0.75];0.694045174538;
forest_20f_200_estim;[0.78947368421052633, 0.48305084745762711, 0.73124999999999996];[0.85492227979274615, 0.42537313432835822, 0.73124999999999996];0.696098562628;
forest_20f_200_estim;[0.77725118483412325, 0.47663551401869159, 0.70414201183431957];[0.84974093264248707, 0.38059701492537312, 0.74375000000000002];0.685831622177;
forest_20f_200_estim;[0.79047619047619044, 0.49122807017543857, 0.73006134969325154];[0.86010362694300513, 0.41791044776119401, 0.74375000000000002];0.700205338809;
forest_20f_200_estim;[0.79611650485436891, 0.48695652173913045, 0.71084337349397586];[0.85416666666666663, 0.4148148148148148, 0.73750000000000004];0.694045174538;
forest_20f_200_estim;[0.79523809523809519, 0.49090909090909091, 0.71257485029940115];[0.86979166666666663, 0.40000000000000002, 0.74375000000000002];0.698151950719;
forest_20f_200_estim;[0.79227053140096615, 0.45614035087719296, 0.6987951807228916];[0.84974093264248707, 0.38518518518518519, 0.72955974842767291];0.681724845996;
forest_20f_200_estim;[0.78365384615384615, 0.48623853211009177, 0.71176470588235297];[0.84895833333333337, 0.3925925925925926, 0.75624999999999998];0.691991786448;
forest_20f_200_estim;[0.79523809523809519, 0.49122807017543857, 0.73619631901840488];[0.86528497409326421, 0.41791044776119401, 0.75];0.70431211499;
forest_20f_200_estim;[0.78846153846153844, 0.4642857142857143, 0.70059880239520955];[0.85416666666666663, 0.38518518518518519, 0.73124999999999996];0.683778234086;
forest_20f_200_estim;[0.78365384615384615, 0.47863247863247865, 0.72839506172839508];[0.84455958549222798, 0.41791044776119401, 0.73750000000000004];0.691991786448;
forest_20f_200_estim;[0.7857142857142857, 0.46017699115044247, 0.70731707317073167];[0.859375, 0.38518518518518519, 0.72499999999999998];0.683778234086;
forest_20f_200_estim;[0.78301886792452835, 0.47706422018348627, 0.7168674698795181];[0.86010362694300513, 0.38805970149253732, 0.74375000000000002];0.691991786448;
forest_20f_200_estim;[0.78773584905660377, 0.49107142857142855, 0.73006134969325154];[0.86979166666666663, 0.40740740740740738, 0.74375000000000002];0.700205338809;
forest_20f_200_estim;[0.80193236714975846, 0.47863247863247865, 0.7239263803680982];[0.86458333333333337, 0.4148148148148148, 0.73750000000000004];0.698151950719;
forest_20f_200_estim;[0.78199052132701419, 0.46153846153846156, 0.72327044025157228];[0.85492227979274615, 0.40000000000000002, 0.72327044025157228];0.685831622177;
forest_20f_200_estim;[0.78468899521531099, 0.48214285714285715, 0.7168674698795181];[0.85416666666666663, 0.40000000000000002, 0.74375000000000002];0.691991786448;
forest_20f_200_estim;[0.77674418604651163, 0.46363636363636362, 0.72222222222222221];[0.86528497409326421, 0.37777777777777777, 0.73584905660377353];0.687885010267;
forest_20f_200_estim;[0.80097087378640774, 0.47008547008547008, 0.71951219512195119];[0.85492227979274615, 0.41044776119402987, 0.73750000000000004];0.694045174538;
forest_20f_200_estim;[0.78672985781990523, 0.5, 0.72289156626506024];[0.86010362694300513, 0.41044776119402987, 0.75];0.700205338809;
forest_20f_200_estim;[0.77934272300469487, 0.48648648648648651, 0.71779141104294475];[0.86458333333333337, 0.40000000000000002, 0.73124999999999996];0.691991786448;
forest_20f_200_estim;[0.78199052132701419, 0.47747747747747749, 0.7151515151515152];[0.859375, 0.3925925925925926, 0.73750000000000004];0.689938398357;
forest_20f_200_estim;[0.79047619047619044, 0.48214285714285715, 0.7151515151515152];[0.86010362694300513, 0.40000000000000002, 0.74213836477987416];0.694045174538;
forest_20f_200_estim;[0.79904306220095689, 0.45614035087719296, 0.71341463414634143];[0.86528497409326421, 0.38805970149253732, 0.73124999999999996];0.689938398357;
forest_20f_200_estim;[0.79047619047619044, 0.49122807017543857, 0.7239263803680982];[0.86010362694300513, 0.4148148148148148, 0.74213836477987416];0.698151950719;
forest_20f_200_estim;[0.79807692307692313, 0.48214285714285715, 0.70059880239520955];[0.86010362694300513, 0.40298507462686567, 0.73124999999999996];0.691991786448;
forest_20f_200_estim;[0.78672985781990523, 0.49056603773584906, 0.71764705882352942];[0.86010362694300513, 0.38805970149253732, 0.76249999999999996];0.698151950719;
forest_20f_200_estim;[0.78846153846153844, 0.44915254237288138, 0.70186335403726707];[0.84974093264248707, 0.3925925925925926, 0.71069182389937102];0.677618069815;
forest_20f_200_estim;[0.79227053140096615, 0.48275862068965519, 0.71951219512195119];[0.85416666666666663, 0.4148148148148148, 0.73750000000000004];0.694045174538;
forest_20f_200_estim;[0.79024390243902443, 0.4576271186440678, 0.71951219512195119];[0.8393782383419689, 0.40298507462686567, 0.73750000000000004];0.685831622177;
forest_20f_200_estim;[0.78301886792452835, 0.48648648648648651, 0.72560975609756095];[0.86458333333333337, 0.40000000000000002, 0.74375000000000002];0.696098562628;
forest_20f_200_estim;[0.78095238095238095, 0.46086956521739131, 0.72222222222222221];[0.85416666666666663, 0.3925925925925926, 0.73124999999999996];0.685831622177;
forest_20f_200_estim;[0.78947368421052633, 0.47222222222222221, 0.69999999999999996];[0.85492227979274615, 0.37777777777777777, 0.74842767295597479];0.687885010267;
forest_20f_200_estim;[0.78095238095238095, 0.47787610619469029, 0.71341463414634143];[0.84974093264248707, 0.40000000000000002, 0.73584905660377353];0.687885010267;
forest_20f_200_estim;[0.77511961722488043, 0.4732142857142857, 0.7168674698795181];[0.8393782383419689, 0.3925925925925926, 0.74842767295597479];0.685831622177;
forest_20f_200_estim;[0.78468899521531099, 0.47826086956521741, 0.71779141104294475];[0.84974093264248707, 0.40740740740740738, 0.73584905660377353];0.689938398357;
forest_20f_200_estim;[0.78260869565217395, 0.47826086956521741, 0.72121212121212119];[0.8393782383419689, 0.40740740740740738, 0.74842767295597479];0.689938398357;
forest_20f_200_estim;[0.78301886792452835, 0.46902654867256638, 0.72222222222222221];[0.86458333333333337, 0.3925925925925926, 0.73124999999999996];0.689938398357;
