RandomForest_1_f;[0.74576271186440679, 0.70512820512820518, 0.88602941176470584];[0.6470588235294118, 0.73333333333333328, 0.89591078066914498];0.811088295688;[[0, 1], [2, 3, 4, 5]];
RandomForest_1_f;[0.79262672811059909, 0.47422680412371132, 0.71098265895953761];[0.89119170984455953, 0.34328358208955223, 0.76875000000000004];0.700205338809;[[0, 1, 2, 3, 4], [5, 6, 7, 8, 9]];
RandomForest_1_f;[0.84188034188034189, 0.45333333333333331, 0.6910112359550562];[0.8995433789954338, 0.31192660550458717, 0.77358490566037741];0.726899383984;[[0, 1, 2, 3, 4, 5], [6, 7, 8, 9]];
RandomForest_5_f;[0.74137931034482762, 0.69811320754716977, 0.88888888888888884];[0.62318840579710144, 0.74496644295302017, 0.89219330855018586];0.809034907598;[[0, 1], [2, 3, 4, 5]];
RandomForest_5_f;[0.79534883720930227, 0.47058823529411764, 0.70588235294117652];[0.88601036269430056, 0.35555555555555557, 0.75471698113207553];0.696098562628;[[0, 1, 2, 3, 4], [5, 6, 7, 8, 9]];
RandomForest_5_f;[0.84482758620689657, 0.45000000000000001, 0.69142857142857139];[0.8990825688073395, 0.33027522935779818, 0.75624999999999998];0.724845995893;[[0, 1, 2, 3, 4, 5], [6, 7, 8, 9]];
RandomForest_10_f;[0.73684210526315785, 0.67901234567901236, 0.88805970149253732];[0.60869565217391308, 0.73825503355704702, 0.88475836431226762];0.800821355236;[[0, 1], [2, 3, 4, 5]];
RandomForest_10_f;[0.79620853080568721, 0.45794392523364486, 0.69822485207100593];[0.8704663212435233, 0.36296296296296299, 0.74213836477987416];0.687885010267;[[0, 1, 2, 3, 4], [5, 6, 7, 8, 9]];
RandomForest_10_f;[0.84848484848484851, 0.46835443037974683, 0.69491525423728817];[0.8990825688073395, 0.33944954128440369, 0.76875000000000004];0.731006160164;[[0, 1, 2, 3, 4, 5], [6, 7, 8, 9]];
RandomForest_20_f;[0.7192982456140351, 0.68674698795180722, 0.89772727272727271];[0.59420289855072461, 0.76000000000000001, 0.88432835820895528];0.804928131417;[[0, 1], [2, 3, 4, 5]];
RandomForest_20_f;[0.7981220657276995, 0.49090909090909091, 0.72560975609756095];[0.88541666666666663, 0.40000000000000002, 0.74375000000000002];0.70431211499;[[0, 1, 2, 3, 4], [5, 6, 7, 8, 9]];
RandomForest_20_f;[0.84549356223175964, 0.4942528735632184, 0.71856287425149701];[0.8995433789954338, 0.39449541284403672, 0.75471698113207553];0.739219712526;[[0, 1, 2, 3, 4, 5], [6, 7, 8, 9]];
RandomForest_50_f;[0.71666666666666667, 0.68553459119496851, 0.88805970149253732];[0.62318840579710144, 0.73154362416107388, 0.88475836431226762];0.800821355236;[[0, 1], [2, 3, 4, 5]];
RandomForest_50_f;[0.79245283018867929, 0.5092592592592593, 0.73053892215568861];[0.8704663212435233, 0.41044776119402987, 0.76249999999999996];0.70841889117;[[0, 1, 2, 3, 4], [5, 6, 7, 8, 9]];
RandomForest_50_f;[0.8441558441558441, 0.45977011494252873, 0.69230769230769229];[0.8904109589041096, 0.3669724770642202, 0.73584905660377353];0.722792607803;[[0, 1, 2, 3, 4, 5], [6, 7, 8, 9]];
RandomForest_200_f;[0.71186440677966101, 0.66666666666666663, 0.88721804511278191];[0.60869565217391308, 0.71999999999999997, 0.88059701492537312];0.792607802875;[[0, 1], [2, 3, 4, 5]];
RandomForest_200_f;[0.784037558685446, 0.47222222222222221, 0.71084337349397586];[0.86528497409326421, 0.37777777777777777, 0.74213836477987416];0.689938398357;[[0, 1, 2, 3, 4], [5, 6, 7, 8, 9]];
RandomForest_200_f;[0.85344827586206895, 0.47252747252747251, 0.70731707317073167];[0.90410958904109584, 0.39449541284403672, 0.72955974842767291];0.733059548255;[[0, 1, 2, 3, 4, 5], [6, 7, 8, 9]];
Bagging_1_f;[0.84999999999999998, 0.62285714285714289, 0.85273972602739723];[0.24637681159420291, 0.72666666666666668, 0.92910447761194026];0.770020533881;[[0, 1], [2, 3, 4, 5]];
