RandomForest_1_f;[0.72222222222222221, 0.67924528301886788, 0.87591240875912413];[0.57352941176470584, 0.71999999999999997, 0.89219330855018586];0.794661190965;[[0, 1], [2, 3, 4, 5]];
RandomForest_1_f;[0.79439252336448596, 0.46601941747572817, 0.69411764705882351];[0.88082901554404147, 0.35555555555555557, 0.74213836477987416];0.689938398357;[[0, 1, 2, 3, 4], [5, 6, 7, 8, 9]];
RandomForest_1_f;[0.83982683982683981, 0.48148148148148145, 0.70857142857142852];[0.88584474885844744, 0.3577981651376147, 0.77987421383647804];0.733059548255;[[0, 1, 2, 3, 4, 5], [6, 7, 8, 9]];
RandomForest_5_f;[0.73684210526315785, 0.68125000000000002, 0.88148148148148153];[0.60869565217391308, 0.72666666666666668, 0.88805970149253732];0.798767967146;[[0, 1], [2, 3, 4, 5]];
RandomForest_5_f;[0.79342723004694837, 0.48214285714285715, 0.72839506172839508];[0.87564766839378239, 0.40298507462686567, 0.73750000000000004];0.700205338809;[[0, 1, 2, 3, 4], [5, 6, 7, 8, 9]];
RandomForest_5_f;[0.84649122807017541, 0.48192771084337349, 0.71022727272727271];[0.88532110091743121, 0.3669724770642202, 0.78125];0.735112936345;[[0, 1, 2, 3, 4, 5], [6, 7, 8, 9]];
RandomForest_10_f;[0.69491525423728817, 0.67088607594936711, 0.87777777777777777];[0.59420289855072461, 0.71140939597315433, 0.8810408921933085];0.788501026694;[[0, 1], [2, 3, 4, 5]];
RandomForest_10_f;[0.79523809523809519, 0.46788990825688076, 0.70833333333333337];[0.86528497409326421, 0.38059701492537312, 0.74375000000000002];0.691991786448;[[0, 1, 2, 3, 4], [5, 6, 7, 8, 9]];
RandomForest_10_f;[0.84955752212389379, 0.48888888888888887, 0.69590643274853803];[0.87671232876712324, 0.40366972477064222, 0.74842767295597479];0.728952772074;[[0, 1, 2, 3, 4, 5], [6, 7, 8, 9]];
RandomForest_20_f;[0.71186440677966101, 0.67080745341614911, 0.88014981273408244];[0.60869565217391308, 0.71999999999999997, 0.87686567164179108];0.790554414784;[[0, 1], [2, 3, 4, 5]];
RandomForest_20_f;[0.7874396135265701, 0.48305084745762711, 0.73456790123456794];[0.84895833333333337, 0.42222222222222222, 0.74375000000000002];0.696098562628;[[0, 1, 2, 3, 4], [5, 6, 7, 8, 9]];
RandomForest_20_f;[0.8526785714285714, 0.46666666666666667, 0.69942196531791911];[0.87214611872146119, 0.3888888888888889, 0.75624999999999998];0.726899383984;[[0, 1, 2, 3, 4, 5], [6, 7, 8, 9]];
RandomForest_1_f;[0.7068965517241379, 0.69333333333333336, 0.86379928315412191];[0.6029411764705882, 0.69333333333333336, 0.89591078066914498];0.792607802875;[[0, 1], [2, 3, 4, 5]];
