forest_1f_200_estim;[0.75438596491228072, 0.69480519480519476, 0.87318840579710144];[0.62318840579710144, 0.71812080536912748, 0.89591078066914498];0.802874743326;
forest_1f_200_estim;[0.75, 0.67948717948717952, 0.87636363636363634];[0.60869565217391308, 0.71140939597315433, 0.89591078066914498];0.798767967146;
forest_1f_200_estim;[0.72413793103448276, 0.70129870129870131, 0.88];[0.60869565217391308, 0.72483221476510062, 0.8996282527881041];0.804928131417;
forest_1f_200_estim;[0.7192982456140351, 0.67763157894736847, 0.86330935251798557];[0.59420289855072461, 0.6912751677852349, 0.89219330855018586];0.788501026694;
forest_1f_200_estim;[0.73684210526315785, 0.69032258064516128, 0.87272727272727268];[0.60869565217391308, 0.71333333333333337, 0.89552238805970152];0.798767967146;
forest_1f_200_estim;[0.75, 0.69798657718120805, 0.86330935251798557];[0.65217391304347827, 0.69798657718120805, 0.89219330855018586];0.798767967146;
forest_1f_200_estim;[0.72881355932203384, 0.70469798657718119, 0.87096774193548387];[0.62318840579710144, 0.69999999999999996, 0.90671641791044777];0.802874743326;
forest_1f_200_estim;[0.7192982456140351, 0.70394736842105265, 0.87050359712230219];[0.59420289855072461, 0.71333333333333337, 0.90298507462686572];0.800821355236;
forest_1f_200_estim;[0.75438596491228072, 0.70700636942675155, 0.88644688644688641];[0.62318840579710144, 0.74496644295302017, 0.8996282527881041];0.813141683778;
forest_1f_200_estim;[0.7192982456140351, 0.68387096774193545, 0.87272727272727268];[0.6029411764705882, 0.70666666666666667, 0.89219330855018586];0.794661190965;
forest_1f_200_estim;[0.7321428571428571, 0.69182389937106914, 0.88602941176470584];[0.59420289855072461, 0.73333333333333328, 0.89925373134328357];0.804928131417;
forest_1f_200_estim;[0.74576271186440679, 0.71241830065359479, 0.88];[0.6376811594202898, 0.72666666666666668, 0.90298507462686572];0.811088295688;
forest_1f_200_estim;[0.73684210526315785, 0.69871794871794868, 0.88321167883211682];[0.60869565217391308, 0.73154362416107388, 0.8996282527881041];0.806981519507;
forest_1f_200_estim;[0.7321428571428571, 0.70063694267515919, 0.88321167883211682];[0.59420289855072461, 0.73333333333333328, 0.90298507462686572];0.806981519507;
forest_1f_200_estim;[0.74137931034482762, 0.69934640522875813, 0.87318840579710144];[0.62318840579710144, 0.71333333333333337, 0.89925373134328357];0.802874743326;
forest_1f_200_estim;[0.75, 0.68553459119496851, 0.86956521739130432];[0.56521739130434778, 0.72666666666666668, 0.89552238805970152];0.796714579055;
forest_1f_200_estim;[0.72881355932203384, 0.71621621621621623, 0.87142857142857144];[0.63235294117647056, 0.70666666666666667, 0.90706319702602234];0.806981519507;
forest_1f_200_estim;[0.7192982456140351, 0.68831168831168832, 0.87318840579710144];[0.59420289855072461, 0.70666666666666667, 0.89925373134328357];0.796714579055;
forest_1f_200_estim;[0.74137931034482762, 0.69798657718120805, 0.86785714285714288];[0.62318840579710144, 0.69798657718120805, 0.90334572490706322];0.800821355236;
forest_1f_200_estim;[0.74576271186440679, 0.69480519480519476, 0.86861313868613144];[0.6376811594202898, 0.71333333333333337, 0.88805970149253732];0.798767967146;
forest_1f_200_estim;[0.76271186440677963, 0.71241830065359479, 0.87636363636363634];[0.65217391304347827, 0.72666666666666668, 0.89925373134328357];0.811088295688;
forest_1f_200_estim;[0.73684210526315785, 0.6967741935483871, 0.87636363636363634];[0.60869565217391308, 0.71999999999999997, 0.89925373134328357];0.802874743326;
forest_1f_200_estim;[0.75438596491228072, 0.68789808917197448, 0.87912087912087911];[0.62318840579710144, 0.71999999999999997, 0.89552238805970152];0.802874743326;
forest_1f_200_estim;[0.75, 0.69032258064516128, 0.86956521739130432];[0.60869565217391308, 0.71333333333333337, 0.89552238805970152];0.798767967146;
forest_1f_200_estim;[0.73684210526315785, 0.6858974358974359, 0.87226277372262773];[0.60869565217391308, 0.71333333333333337, 0.89179104477611937];0.796714579055;
forest_1f_200_estim;[0.73333333333333328, 0.69480519480519476, 0.87545787545787546];[0.6376811594202898, 0.71333333333333337, 0.89179104477611937];0.800821355236;
forest_1f_200_estim;[0.7192982456140351, 0.68152866242038213, 0.87912087912087911];[0.59420289855072461, 0.71812080536912748, 0.89219330855018586];0.796714579055;
forest_1f_200_estim;[0.7068965517241379, 0.69078947368421051, 0.87364620938628157];[0.59420289855072461, 0.69999999999999996, 0.90298507462686572];0.796714579055;
forest_1f_200_estim;[0.72413793103448276, 0.69871794871794868, 0.88278388278388276];[0.60869565217391308, 0.72666666666666668, 0.89925373134328357];0.804928131417;
forest_1f_200_estim;[0.74137931034482762, 0.69230769230769229, 0.87545787545787546];[0.62318840579710144, 0.71999999999999997, 0.89179104477611937];0.800821355236;
forest_1f_200_estim;[0.72413793103448276, 0.69281045751633985, 0.87318840579710144];[0.60869565217391308, 0.70666666666666667, 0.89925373134328357];0.798767967146;
forest_1f_200_estim;[0.7592592592592593, 0.70512820512820518, 0.87725631768953072];[0.6029411764705882, 0.73333333333333328, 0.90334572490706322];0.809034907598;
forest_1f_200_estim;[0.72413793103448276, 0.6967741935483871, 0.88321167883211682];[0.60869565217391308, 0.72483221476510062, 0.8996282527881041];0.804928131417;
forest_1f_200_estim;[0.74576271186440679, 0.69536423841059603, 0.87003610108303253];[0.6376811594202898, 0.70469798657718119, 0.89591078066914498];0.800821355236;
forest_1f_200_estim;[0.70175438596491224, 0.6887417218543046, 0.87096774193548387];[0.58823529411764708, 0.69333333333333336, 0.90334572490706322];0.794661190965;
forest_1f_200_estim;[0.76363636363636367, 0.70588235294117652, 0.87096774193548387];[0.60869565217391308, 0.71999999999999997, 0.90671641791044777];0.806981519507;
forest_1f_200_estim;[0.74545454545454548, 0.68789808917197448, 0.87636363636363634];[0.59420289855072461, 0.71999999999999997, 0.89925373134328357];0.800821355236;
forest_1f_200_estim;[0.7192982456140351, 0.69078947368421051, 0.86690647482014394];[0.59420289855072461, 0.69999999999999996, 0.89925373134328357];0.794661190965;
forest_1f_200_estim;[0.73333333333333328, 0.69281045751633985, 0.87591240875912413];[0.6376811594202898, 0.70666666666666667, 0.89552238805970152];0.800821355236;
forest_1f_200_estim;[0.7192982456140351, 0.6887417218543046, 0.86738351254480284];[0.59420289855072461, 0.69798657718120805, 0.8996282527881041];0.794661190965;
forest_1f_200_estim;[0.7321428571428571, 0.6858974358974359, 0.87636363636363634];[0.59420289855072461, 0.71812080536912748, 0.89591078066914498];0.798767967146;
forest_1f_200_estim;[0.72413793103448276, 0.69798657718120805, 0.87142857142857144];[0.60869565217391308, 0.69798657718120805, 0.90706319702602234];0.800821355236;
forest_1f_200_estim;[0.7192982456140351, 0.69871794871794868, 0.87956204379562042];[0.6029411764705882, 0.72666666666666668, 0.89591078066914498];0.802874743326;
forest_1f_200_estim;[0.7192982456140351, 0.69032258064516128, 0.87636363636363634];[0.59420289855072461, 0.71333333333333337, 0.89925373134328357];0.798767967146;
forest_1f_200_estim;[0.75862068965517238, 0.72185430463576161, 0.87769784172661869];[0.6376811594202898, 0.72666666666666668, 0.91044776119402981];0.815195071869;
forest_1f_200_estim;[0.74545454545454548, 0.70129870129870131, 0.87050359712230219];[0.6029411764705882, 0.71999999999999997, 0.8996282527881041];0.802874743326;
forest_1f_200_estim;[0.7321428571428571, 0.6858974358974359, 0.87272727272727268];[0.59420289855072461, 0.71333333333333337, 0.89552238805970152];0.796714579055;
forest_1f_200_estim;[0.7142857142857143, 0.67515923566878977, 0.87591240875912413];[0.57971014492753625, 0.71140939597315433, 0.89219330855018586];0.792607802875;
forest_1f_200_estim;[0.73684210526315785, 0.68421052631578949, 0.87050359712230219];[0.60869565217391308, 0.69798657718120805, 0.8996282527881041];0.796714579055;
forest_1f_200_estim;[0.72413793103448276, 0.68421052631578949, 0.87003610108303253];[0.60869565217391308, 0.69798657718120805, 0.89591078066914498];0.794661190965;
forest_1f_200_estim;[0.7192982456140351, 0.6887417218543046, 0.87096774193548387];[0.59420289855072461, 0.69798657718120805, 0.90334572490706322];0.796714579055;
forest_1f_200_estim;[0.76363636363636367, 0.69426751592356684, 0.87272727272727268];[0.60869565217391308, 0.72666666666666668, 0.89552238805970152];0.802874743326;
forest_1f_200_estim;[0.72413793103448276, 0.70860927152317876, 0.87410071942446044];[0.60869565217391308, 0.71333333333333337, 0.90671641791044777];0.804928131417;
