RandomForest_1_f;[ 0.          0.61714286  0.82285714];0.754761904762;[[0] [2, 3, 4]];
RandomForest_1_f;[ 0.     0.715  0.81 ];0.763888888889;[[0] [2, 3, 4, 5]];
RandomForest_1_f;[ 0.07142857  0.66714286  0.77285714];0.719047619048;[[0] [2, 3, 4, 5, 6]];
RandomForest_1_f;[ 0.          0.68285714  0.72857143];0.695238095238;[[0] [2, 3, 4, 5, 6, 7]];
RandomForest_1_f;[ 0.          0.72571429  0.71142857];0.7;[[0] [2, 3, 4, 5, 6, 7, 8]];
RandomForest_1_f;[ 0.          0.73857143  0.67142857];0.695238095238;[[0] [2, 3, 4, 5, 6, 7, 8, 9]];
RandomForest_1_f;[ 0.          0.72857143  0.65857143];0.695238095238;[[0] [2, 3, 4, 5, 6, 7, 8, 9, 10]];
RandomForest_1_f;[ 0.          0.75        0.58571429];0.697619047619;[[0] [2, 3, 4, 5, 6, 7, 8, 9, 10, 11]];
RandomForest_1_f;[ 0.          0.77428571  0.56571429];0.721428571429;[[0] [2, 3, 4, 5, 6, 7, 8, 9, 10, 11, 12]];
RandomForest_1_f;[ 0.          0.79571429  0.53142857];0.735714285714;[[0] [2, 3, 4, 5, 6, 7, 8, 9, 10, 11, 12, 13]];
RandomForest_1_f;[ 0.          0.79571429  0.51571429];0.754761904762;[[0] [2, 3, 4, 5, 6, 7, 8, 9, 10, 11, 12, 13, 14]];
RandomForest_1_f;[ 0.          0.8         0.48142857];0.754761904762;[[0] [2, 3, 4, 5, 6, 7, 8, 9, 10, 11, 12, 13, 14, 15]];
RandomForest_1_f;[ 0.66714286  0.49428571  0.81857143];0.72380952381;[[0, 1] [3, 4, 5]];
RandomForest_1_f;[ 0.81571429  0.48571429  0.74428571];0.678571428571;[[0, 1] [3, 4, 5, 6]];
RandomForest_1_f;[ 0.65714286  0.55428571  0.73428571];0.664285714286;[[0, 1] [3, 4, 5, 6, 7]];
RandomForest_1_f;[ 0.71714286  0.61428571  0.72428571];0.671428571429;[[0, 1] [3, 4, 5, 6, 7, 8]];
RandomForest_1_f;[ 0.71428571  0.62142857  0.70857143];0.661904761905;[[0, 1] [3, 4, 5, 6, 7, 8, 9]];
RandomForest_1_f;[ 0.69        0.64857143  0.64      ];0.65;[[0, 1] [3, 4, 5, 6, 7, 8, 9, 10]];
RandomForest_1_f;[ 0.68857143  0.65857143  0.61714286];0.654761904762;[[0, 1] [3, 4, 5, 6, 7, 8, 9, 10, 11]];
RandomForest_1_f;[ 0.65714286  0.68571429  0.55571429];0.661904761905;[[0, 1] [3, 4, 5, 6, 7, 8, 9, 10, 11, 12]];
RandomForest_1_f;[ 0.71        0.69857143  0.48714286];0.67380952381;[[0, 1] [3, 4, 5, 6, 7, 8, 9, 10, 11, 12, 13]];
RandomForest_1_f;[ 0.74857143  0.74571429  0.54714286];0.733333333333;[[0, 1] [3, 4, 5, 6, 7, 8, 9, 10, 11, 12, 13, 14]];
RandomForest_1_f;[ 0.76142857  0.76142857  0.19857143];0.728571428571;[[0, 1] [3, 4, 5, 6, 7, 8, 9, 10, 11, 12, 13, 14, 15]];
RandomForest_1_f;[ 0.62571429  0.17142857  0.77571429];0.704761904762;[[0, 1, 2] [4, 5, 6]];
RandomForest_1_f;[ 0.59285714  0.47571429  0.67714286];0.621428571429;[[0, 1, 2] [4, 5, 6, 7]];
RandomForest_1_f;[ 0.64857143  0.43142857  0.70428571];0.638095238095;[[0, 1, 2] [4, 5, 6, 7, 8]];
RandomForest_1_f;[ 0.65142857  0.53142857  0.68142857];0.609523809524;[[0, 1, 2] [4, 5, 6, 7, 8, 9]];
RandomForest_1_f;[ 0.63142857  0.53142857  0.57714286];0.57380952381;[[0, 1, 2] [4, 5, 6, 7, 8, 9, 10]];
RandomForest_1_f;[ 0.60285714  0.57285714  0.59714286];0.588095238095;[[0, 1, 2] [4, 5, 6, 7, 8, 9, 10, 11]];
RandomForest_1_f;[ 0.62        0.61571429  0.54714286];0.595238095238;[[0, 1, 2] [4, 5, 6, 7, 8, 9, 10, 11, 12]];
RandomForest_1_f;[ 0.62857143  0.63428571  0.47142857];0.609523809524;[[0, 1, 2] [4, 5, 6, 7, 8, 9, 10, 11, 12, 13]];
RandomForest_1_f;[ 0.63571429  0.70714286  0.59571429];0.664285714286;[[0, 1, 2] [4, 5, 6, 7, 8, 9, 10, 11, 12, 13, 14]];
RandomForest_1_f;[ 0.60571429  0.71571429  0.        ];0.654761904762;[[0, 1, 2] [4, 5, 6, 7, 8, 9, 10, 11, 12, 13, 14, 15]];
RandomForest_1_f;[ 0.68857143  0.11857143  0.73428571];0.7;[[0, 1, 2, 3] [5, 6, 7]];
RandomForest_1_f;[ 0.71714286  0.21428571  0.69714286];0.67619047619;[[0, 1, 2, 3] [5, 6, 7, 8]];
RandomForest_1_f;[ 0.71571429  0.41285714  0.67142857];0.640476190476;[[0, 1, 2, 3] [5, 6, 7, 8, 9]];
RandomForest_1_f;[ 0.72857143  0.47714286  0.62142857];0.630952380952;[[0, 1, 2, 3] [5, 6, 7, 8, 9, 10]];
RandomForest_1_f;[ 0.72571429  0.54        0.58857143];0.628571428571;[[0, 1, 2, 3] [5, 6, 7, 8, 9, 10, 11]];
RandomForest_1_f;[ 0.73571429  0.60285714  0.52714286];0.645238095238;[[0, 1, 2, 3] [5, 6, 7, 8, 9, 10, 11, 12]];
RandomForest_1_f;[ 0.70428571  0.64285714  0.52714286];0.645238095238;[[0, 1, 2, 3] [5, 6, 7, 8, 9, 10, 11, 12, 13]];
RandomForest_1_f;[ 0.73714286  0.72285714  0.73571429];0.716666666667;[[0, 1, 2, 3] [5, 6, 7, 8, 9, 10, 11, 12, 13, 14]];
RandomForest_1_f;[ 0.72142857  0.73285714  0.19      ];0.716666666667;[[0, 1, 2, 3] [5, 6, 7, 8, 9, 10, 11, 12, 13, 14, 15]];
RandomForest_1_f;[ 0.81285714  0.25        0.74428571];0.752380952381;[[0, 1, 2, 3, 4] [6, 7, 8]];
RandomForest_1_f;[ 0.77285714  0.38142857  0.67142857];0.67619047619;[[0, 1, 2, 3, 4] [6, 7, 8, 9]];
RandomForest_1_f;[ 0.79142857  0.45857143  0.62571429];0.661904761905;[[0, 1, 2, 3, 4] [6, 7, 8, 9, 10]];
RandomForest_1_f;[ 0.80428571  0.55142857  0.61714286];0.67619047619;[[0, 1, 2, 3, 4] [6, 7, 8, 9, 10, 11]];
RandomForest_1_f;[ 0.80714286  0.64285714  0.55285714];0.697619047619;[[0, 1, 2, 3, 4] [6, 7, 8, 9, 10, 11, 12]];
RandomForest_1_f;[ 0.81714286  0.64571429  0.56      ];0.707142857143;[[0, 1, 2, 3, 4] [6, 7, 8, 9, 10, 11, 12, 13]];
RandomForest_1_f;[ 0.81428571  0.67571429  0.58857143];0.733333333333;[[0, 1, 2, 3, 4] [6, 7, 8, 9, 10, 11, 12, 13, 14]];
RandomForest_1_f;[ 0.80428571  0.72285714  0.19      ];0.747619047619;[[0, 1, 2, 3, 4] [6, 7, 8, 9, 10, 11, 12, 13, 14, 15]];
RandomForest_1_f;[ 0.83142857  0.37857143  0.68      ];0.730952380952;[[0, 1, 2, 3, 4, 5] [7, 8, 9]];
RandomForest_1_f;[ 0.83571429  0.45857143  0.69714286];0.733333333333;[[0, 1, 2, 3, 4, 5] [7, 8, 9, 10]];
RandomForest_1_f;[ 0.84285714  0.58571429  0.64285714];0.721428571429;[[0, 1, 2, 3, 4, 5] [7, 8, 9, 10, 11]];
RandomForest_1_f;[ 0.83285714  0.54142857  0.54714286];0.67619047619;[[0, 1, 2, 3, 4, 5] [7, 8, 9, 10, 11, 12]];
RandomForest_1_f;[ 0.85        0.62142857  0.61      ];0.721428571429;[[0, 1, 2, 3, 4, 5] [7, 8, 9, 10, 11, 12, 13]];
RandomForest_1_f;[ 0.85857143  0.60428571  0.55428571];0.716666666667;[[0, 1, 2, 3, 4, 5] [7, 8, 9, 10, 11, 12, 13, 14]];
RandomForest_1_f;[ 0.84142857  0.65857143  0.44      ];0.728571428571;[[0, 1, 2, 3, 4, 5] [7, 8, 9, 10, 11, 12, 13, 14, 15]];
RandomForest_1_f;[ 0.81142857  0.31857143  0.67      ];0.721428571429;[[0, 1, 2, 3, 4, 5, 6] [8, 9, 10]];
RandomForest_1_f;[ 0.84285714  0.47857143  0.61857143];0.716666666667;[[0, 1, 2, 3, 4, 5, 6] [8, 9, 10, 11]];
RandomForest_1_f;[ 0.85571429  0.53714286  0.52714286];0.704761904762;[[0, 1, 2, 3, 4, 5, 6] [8, 9, 10, 11, 12]];
RandomForest_1_f;[ 0.85142857  0.51857143  0.53285714];0.7;[[0, 1, 2, 3, 4, 5, 6] [8, 9, 10, 11, 12, 13]];
RandomForest_1_f;[ 0.86285714  0.56        0.57714286];0.711904761905;[[0, 1, 2, 3, 4, 5, 6] [8, 9, 10, 11, 12, 13, 14]];
RandomForest_1_f;[ 0.85285714  0.58        0.46428571];0.711904761905;[[0, 1, 2, 3, 4, 5, 6] [8, 9, 10, 11, 12, 13, 14, 15]];
RandomForest_1_f;[ 0.82857143  0.38285714  0.56      ];0.697619047619;[[0, 1, 2, 3, 4, 5, 6, 7] [9, 10, 11]];
RandomForest_1_f;[ 0.82142857  0.44428571  0.56      ];0.695238095238;[[0, 1, 2, 3, 4, 5, 6, 7] [9, 10, 11, 12]];
RandomForest_1_f;[ 0.81857143  0.49428571  0.47571429];0.678571428571;[[0, 1, 2, 3, 4, 5, 6, 7] [9, 10, 11, 12, 13]];
RandomForest_1_f;[ 0.83        0.54        0.42857143];0.67619047619;[[0, 1, 2, 3, 4, 5, 6, 7] [9, 10, 11, 12, 13, 14]];
RandomForest_1_f;[ 0.83571429  0.53428571  0.27285714];0.697619047619;[[0, 1, 2, 3, 4, 5, 6, 7] [9, 10, 11, 12, 13, 14, 15]];
RandomForest_1_f;[ 0.82714286  0.45142857  0.49428571];0.697619047619;[[0, 1, 2, 3, 4, 5, 6, 7, 8] [10, 11, 12]];
RandomForest_1_f;[ 0.82571429  0.23714286  0.46428571];0.678571428571;[[0, 1, 2, 3, 4, 5, 6, 7, 8] [10, 11, 12, 13]];
RandomForest_1_f;[ 0.81142857  0.41714286  0.51      ];0.7;[[0, 1, 2, 3, 4, 5, 6, 7, 8] [10, 11, 12, 13, 14]];
RandomForest_1_f;[ 0.81857143  0.5         0.42571429];0.709523809524;[[0, 1, 2, 3, 4, 5, 6, 7, 8] [10, 11, 12, 13, 14, 15]];
RandomForest_5_f;[ 0.07142857  0.59571429  0.81285714];0.747619047619;[[0] [2, 3, 4]];
RandomForest_5_f;[ 0.          0.69285714  0.82285714];0.771428571429;[[0] [2, 3, 4, 5]];
RandomForest_5_f;[ 0.          0.68        0.77285714];0.72619047619;[[0] [2, 3, 4, 5, 6]];
RandomForest_5_f;[ 0.          0.74142857  0.75142857];0.728571428571;[[0] [2, 3, 4, 5, 6, 7]];
RandomForest_5_f;[ 0.          0.74428571  0.74428571];0.728571428571;[[0] [2, 3, 4, 5, 6, 7, 8]];
RandomForest_5_f;[ 0.          0.69714286  0.64714286];0.666666666667;[[0] [2, 3, 4, 5, 6, 7, 8, 9]];
RandomForest_5_f;[ 0.          0.74        0.61428571];0.680952380952;[[0] [2, 3, 4, 5, 6, 7, 8, 9, 10]];
RandomForest_5_f;[ 0.04714286  0.76571429  0.54428571];0.688095238095;[[0] [2, 3, 4, 5, 6, 7, 8, 9, 10, 11]];
RandomForest_5_f;[ 0.          0.78166667  0.56      ];0.716666666667;[[0] [2, 3, 4, 5, 6, 7, 8, 9, 10, 11, 12]];
RandomForest_5_f;[ 0.          0.79142857  0.48      ];0.716666666667;[[0] [2, 3, 4, 5, 6, 7, 8, 9, 10, 11, 12, 13]];
RandomForest_5_f;[ 0.          0.815       0.52833333];0.766666666667;[[0] [2, 3, 4, 5, 6, 7, 8, 9, 10, 11, 12, 13, 14]];
RandomForest_5_f;[ 0.          0.83        0.34571429];0.761904761905;[[0] [2, 3, 4, 5, 6, 7, 8, 9, 10, 11, 12, 13, 14, 15]];
RandomForest_5_f;[ 0.72285714  0.45        0.82714286];0.738095238095;[[0, 1] [3, 4, 5]];
RandomForest_5_f;[ 0.74428571  0.53        0.76571429];0.688095238095;[[0, 1] [3, 4, 5, 6]];
RandomForest_5_f;[ 0.73571429  0.57428571  0.72714286];0.67380952381;[[0, 1] [3, 4, 5, 6, 7]];
RandomForest_5_f;[ 0.61571429  0.53142857  0.69      ];0.614285714286;[[0, 1] [3, 4, 5, 6, 7, 8]];
RandomForest_5_f;[ 0.66        0.59428571  0.68142857];0.638095238095;[[0, 1] [3, 4, 5, 6, 7, 8, 9]];
RandomForest_5_f;[ 0.70285714  0.65285714  0.65857143];0.659523809524;[[0, 1] [3, 4, 5, 6, 7, 8, 9, 10]];
RandomForest_5_f;[ 0.73        0.66285714  0.59428571];0.654761904762;[[0, 1] [3, 4, 5, 6, 7, 8, 9, 10, 11]];
RandomForest_5_f;[ 0.72142857  0.71        0.62142857];0.695238095238;[[0, 1] [3, 4, 5, 6, 7, 8, 9, 10, 11, 12]];
RandomForest_5_f;[ 0.75        0.70428571  0.42857143];0.657142857143;[[0, 1] [3, 4, 5, 6, 7, 8, 9, 10, 11, 12, 13]];
RandomForest_5_f;[ 0.76428571  0.73857143  0.56714286];0.714285714286;[[0, 1] [3, 4, 5, 6, 7, 8, 9, 10, 11, 12, 13, 14]];
RandomForest_5_f;[ 0.74        0.75        0.10714286];0.704761904762;[[0, 1] [3, 4, 5, 6, 7, 8, 9, 10, 11, 12, 13, 14, 15]];
RandomForest_5_f;[ 0.61142857  0.44142857  0.75857143];0.692857142857;[[0, 1, 2] [4, 5, 6]];
RandomForest_5_f;[ 0.61        0.42714286  0.71142857];0.652380952381;[[0, 1, 2] [4, 5, 6, 7]];
RandomForest_5_f;[ 0.62857143  0.41714286  0.66714286];0.592857142857;[[0, 1, 2] [4, 5, 6, 7, 8]];
RandomForest_5_f;[ 0.60428571  0.49857143  0.65714286];0.590476190476;[[0, 1, 2] [4, 5, 6, 7, 8, 9]];
RandomForest_5_f;[ 0.61714286  0.55        0.60857143];0.578571428571;[[0, 1, 2] [4, 5, 6, 7, 8, 9, 10]];
RandomForest_5_f;[ 0.62571429  0.58        0.55285714];0.580952380952;[[0, 1, 2] [4, 5, 6, 7, 8, 9, 10, 11]];
RandomForest_5_f;[ 0.63142857  0.61714286  0.51142857];0.590476190476;[[0, 1, 2] [4, 5, 6, 7, 8, 9, 10, 11, 12]];
RandomForest_5_f;[ 0.70428571  0.66714286  0.43714286];0.62619047619;[[0, 1, 2] [4, 5, 6, 7, 8, 9, 10, 11, 12, 13]];
RandomForest_5_f;[ 0.63285714  0.69571429  0.47142857];0.659523809524;[[0, 1, 2] [4, 5, 6, 7, 8, 9, 10, 11, 12, 13, 14]];
RandomForest_5_f;[ 0.61857143  0.73        0.37714286];0.666666666667;[[0, 1, 2] [4, 5, 6, 7, 8, 9, 10, 11, 12, 13, 14, 15]];
RandomForest_5_f;[ 0.72285714  0.13        0.73285714];0.697619047619;[[0, 1, 2, 3] [5, 6, 7]];
RandomForest_5_f;[ 0.71142857  0.31857143  0.69142857];0.664285714286;[[0, 1, 2, 3] [5, 6, 7, 8]];
RandomForest_5_f;[ 0.70285714  0.44428571  0.62      ];0.611904761905;[[0, 1, 2, 3] [5, 6, 7, 8, 9]];
RandomForest_5_f;[ 0.74142857  0.49714286  0.64      ];0.630952380952;[[0, 1, 2, 3] [5, 6, 7, 8, 9, 10]];
RandomForest_5_f;[ 0.72        0.58857143  0.54285714];0.628571428571;[[0, 1, 2, 3] [5, 6, 7, 8, 9, 10, 11]];
RandomForest_5_f;[ 0.72571429  0.62142857  0.52714286];0.645238095238;[[0, 1, 2, 3] [5, 6, 7, 8, 9, 10, 11, 12]];
RandomForest_5_f;[ 0.73        0.61714286  0.38714286];0.642857142857;[[0, 1, 2, 3] [5, 6, 7, 8, 9, 10, 11, 12, 13]];
RandomForest_5_f;[ 0.72714286  0.72142857  0.64428571];0.711904761905;[[0, 1, 2, 3] [5, 6, 7, 8, 9, 10, 11, 12, 13, 14]];
RandomForest_5_f;[ 0.71428571  0.71142857  0.14142857];0.690476190476;[[0, 1, 2, 3] [5, 6, 7, 8, 9, 10, 11, 12, 13, 14, 15]];
RandomForest_5_f;[ 0.82428571  0.31571429  0.73857143];0.75;[[0, 1, 2, 3, 4] [6, 7, 8]];
RandomForest_5_f;[ 0.79428571  0.45857143  0.68      ];0.697619047619;[[0, 1, 2, 3, 4] [6, 7, 8, 9]];
RandomForest_5_f;[ 0.79  0.48  0.61];0.659523809524;[[0, 1, 2, 3, 4] [6, 7, 8, 9, 10]];
RandomForest_5_f;[ 0.78        0.61571429  0.61571429];0.680952380952;[[0, 1, 2, 3, 4] [6, 7, 8, 9, 10, 11]];
RandomForest_5_f;[ 0.77571429  0.63571429  0.6       ];0.690476190476;[[0, 1, 2, 3, 4] [6, 7, 8, 9, 10, 11, 12]];
RandomForest_5_f;[ 0.78285714  0.65714286  0.52285714];0.7;[[0, 1, 2, 3, 4] [6, 7, 8, 9, 10, 11, 12, 13]];
RandomForest_5_f;[ 0.78857143  0.68714286  0.53142857];0.711904761905;[[0, 1, 2, 3, 4] [6, 7, 8, 9, 10, 11, 12, 13, 14]];
RandomForest_5_f;[ 0.78857143  0.72571429  0.29714286];0.740476190476;[[0, 1, 2, 3, 4] [6, 7, 8, 9, 10, 11, 12, 13, 14, 15]];
RandomForest_5_f;[ 0.84857143  0.31571429  0.72      ];0.742857142857;[[0, 1, 2, 3, 4, 5] [7, 8, 9]];
RandomForest_5_f;[ 0.83857143  0.45857143  0.67428571];0.721428571429;[[0, 1, 2, 3, 4, 5] [7, 8, 9, 10]];
RandomForest_5_f;[ 0.84571429  0.56857143  0.63428571];0.721428571429;[[0, 1, 2, 3, 4, 5] [7, 8, 9, 10, 11]];
RandomForest_5_f;[ 0.83428571  0.57        0.59857143];0.704761904762;[[0, 1, 2, 3, 4, 5] [7, 8, 9, 10, 11, 12]];
RandomForest_5_f;[ 0.84        0.58714286  0.55857143];0.697619047619;[[0, 1, 2, 3, 4, 5] [7, 8, 9, 10, 11, 12, 13]];
RandomForest_5_f;[ 0.87142857  0.62        0.48857143];0.72380952381;[[0, 1, 2, 3, 4, 5] [7, 8, 9, 10, 11, 12, 13, 14]];
RandomForest_5_f;[ 0.85428571  0.67857143  0.37      ];0.733333333333;[[0, 1, 2, 3, 4, 5] [7, 8, 9, 10, 11, 12, 13, 14, 15]];
RandomForest_5_f;[ 0.82571429  0.46571429  0.64857143];0.730952380952;[[0, 1, 2, 3, 4, 5, 6] [8, 9, 10]];
RandomForest_5_f;[ 0.81428571  0.38142857  0.57142857];0.678571428571;[[0, 1, 2, 3, 4, 5, 6] [8, 9, 10, 11]];
RandomForest_5_f;[ 0.83142857  0.55857143  0.54714286];0.692857142857;[[0, 1, 2, 3, 4, 5, 6] [8, 9, 10, 11, 12]];
RandomForest_5_f;[ 0.83714286  0.48714286  0.49285714];0.671428571429;[[0, 1, 2, 3, 4, 5, 6] [8, 9, 10, 11, 12, 13]];
RandomForest_5_f;[ 0.86285714  0.50285714  0.55714286];0.692857142857;[[0, 1, 2, 3, 4, 5, 6] [8, 9, 10, 11, 12, 13, 14]];
RandomForest_5_f;[ 0.87142857  0.54        0.26285714];0.688095238095;[[0, 1, 2, 3, 4, 5, 6] [8, 9, 10, 11, 12, 13, 14, 15]];
RandomForest_5_f;[ 0.82        0.36571429  0.59      ];0.709523809524;[[0, 1, 2, 3, 4, 5, 6, 7] [9, 10, 11]];
RandomForest_5_f;[ 0.81857143  0.41285714  0.55714286];0.690476190476;[[0, 1, 2, 3, 4, 5, 6, 7] [9, 10, 11, 12]];
RandomForest_5_f;[ 0.86142857  0.48714286  0.52428571];0.702380952381;[[0, 1, 2, 3, 4, 5, 6, 7] [9, 10, 11, 12, 13]];
RandomForest_5_f;[ 0.84714286  0.5         0.47428571];0.685714285714;[[0, 1, 2, 3, 4, 5, 6, 7] [9, 10, 11, 12, 13, 14]];
RandomForest_5_f;[ 0.86428571  0.5         0.23857143];0.702380952381;[[0, 1, 2, 3, 4, 5, 6, 7] [9, 10, 11, 12, 13, 14, 15]];
RandomForest_5_f;[ 0.83285714  0.19571429  0.54571429];0.716666666667;[[0, 1, 2, 3, 4, 5, 6, 7, 8] [10, 11, 12]];
RandomForest_5_f;[ 0.83285714  0.32857143  0.47571429];0.692857142857;[[0, 1, 2, 3, 4, 5, 6, 7, 8] [10, 11, 12, 13]];
RandomForest_5_f;[ 0.83857143  0.50285714  0.49571429];0.72380952381;[[0, 1, 2, 3, 4, 5, 6, 7, 8] [10, 11, 12, 13, 14]];
RandomForest_5_f;[ 0.84        0.48285714  0.44142857];0.711904761905;[[0, 1, 2, 3, 4, 5, 6, 7, 8] [10, 11, 12, 13, 14, 15]];
RandomForest_10_f;[ 0.          0.60857143  0.84      ];0.754761904762;[[0] [2, 3, 4]];
RandomForest_10_f;[ 0.          0.64428571  0.83571429];0.757142857143;[[0] [2, 3, 4, 5]];
RandomForest_10_f;[ 0.          0.70714286  0.77285714];0.735714285714;[[0] [2, 3, 4, 5, 6]];
RandomForest_10_f;[ 0.          0.69571429  0.73714286];0.711904761905;[[0] [2, 3, 4, 5, 6, 7]];
RandomForest_10_f;[ 0.          0.76571429  0.70428571];0.719047619048;[[0] [2, 3, 4, 5, 6, 7, 8]];
RandomForest_10_f;[ 0.02857143  0.72428571  0.66      ];0.685714285714;[[0] [2, 3, 4, 5, 6, 7, 8, 9]];
RandomForest_10_f;[ 0.          0.74428571  0.60428571];0.690476190476;[[0] [2, 3, 4, 5, 6, 7, 8, 9, 10]];
RandomForest_10_f;[ 0.          0.74428571  0.61571429];0.7;[[0] [2, 3, 4, 5, 6, 7, 8, 9, 10, 11]];
RandomForest_10_f;[ 0.07142857  0.79428571  0.61571429];0.745238095238;[[0] [2, 3, 4, 5, 6, 7, 8, 9, 10, 11, 12]];
RandomForest_10_f;[ 0.          0.80857143  0.55285714];0.747619047619;[[0] [2, 3, 4, 5, 6, 7, 8, 9, 10, 11, 12, 13]];
RandomForest_10_f;[ 0.          0.81        0.49142857];0.747619047619;[[0] [2, 3, 4, 5, 6, 7, 8, 9, 10, 11, 12, 13, 14]];
RandomForest_10_f;[ 0.04714286  0.83857143  0.41857143];0.780952380952;[[0] [2, 3, 4, 5, 6, 7, 8, 9, 10, 11, 12, 13, 14, 15]];
RandomForest_10_f;[ 0.74571429  0.45428571  0.81428571];0.716666666667;[[0, 1] [3, 4, 5]];
RandomForest_10_f;[ 0.71285714  0.49428571  0.77714286];0.688095238095;[[0, 1] [3, 4, 5, 6]];
RandomForest_10_f;[ 0.75142857  0.58428571  0.72714286];0.664285714286;[[0, 1] [3, 4, 5, 6, 7]];
RandomForest_10_f;[ 0.68428571  0.57        0.71571429];0.645238095238;[[0, 1] [3, 4, 5, 6, 7, 8]];
RandomForest_10_f;[ 0.66428571  0.59714286  0.67142857];0.633333333333;[[0, 1] [3, 4, 5, 6, 7, 8, 9]];
RandomForest_10_f;[ 0.71571429  0.62571429  0.64857143];0.638095238095;[[0, 1] [3, 4, 5, 6, 7, 8, 9, 10]];
RandomForest_10_f;[ 0.72714286  0.67428571  0.54714286];0.647619047619;[[0, 1] [3, 4, 5, 6, 7, 8, 9, 10, 11]];
RandomForest_10_f;[ 0.73285714  0.70285714  0.60857143];0.685714285714;[[0, 1] [3, 4, 5, 6, 7, 8, 9, 10, 11, 12]];
RandomForest_10_f;[ 0.65857143  0.72428571  0.42857143];0.67380952381;[[0, 1] [3, 4, 5, 6, 7, 8, 9, 10, 11, 12, 13]];
RandomForest_10_f;[ 0.71142857  0.75        0.53714286];0.714285714286;[[0, 1] [3, 4, 5, 6, 7, 8, 9, 10, 11, 12, 13, 14]];
RandomForest_10_f;[ 0.69714286  0.76571429  0.21714286];0.716666666667;[[0, 1] [3, 4, 5, 6, 7, 8, 9, 10, 11, 12, 13, 14, 15]];
RandomForest_10_f;[ 0.63142857  0.3         0.80285714];0.711904761905;[[0, 1, 2] [4, 5, 6]];
RandomForest_10_f;[ 0.59428571  0.36142857  0.71285714];0.628571428571;[[0, 1, 2] [4, 5, 6, 7]];
RandomForest_10_f;[ 0.59571429  0.43142857  0.69142857];0.602380952381;[[0, 1, 2] [4, 5, 6, 7, 8]];
RandomForest_10_f;[ 0.63285714  0.48571429  0.64285714];0.590476190476;[[0, 1, 2] [4, 5, 6, 7, 8, 9]];
RandomForest_10_f;[ 0.68428571  0.56714286  0.64      ];0.614285714286;[[0, 1, 2] [4, 5, 6, 7, 8, 9, 10]];
RandomForest_10_f;[ 0.62571429  0.57857143  0.52857143];0.57619047619;[[0, 1, 2] [4, 5, 6, 7, 8, 9, 10, 11]];
RandomForest_10_f;[ 0.59285714  0.64571429  0.57857143];0.616666666667;[[0, 1, 2] [4, 5, 6, 7, 8, 9, 10, 11, 12]];
RandomForest_10_f;[ 0.61        0.65428571  0.43857143];0.604761904762;[[0, 1, 2] [4, 5, 6, 7, 8, 9, 10, 11, 12, 13]];
RandomForest_10_f;[ 0.69857143  0.69428571  0.43714286];0.657142857143;[[0, 1, 2] [4, 5, 6, 7, 8, 9, 10, 11, 12, 13, 14]];
RandomForest_10_f;[ 0.56        0.71142857  0.17142857];0.635714285714;[[0, 1, 2] [4, 5, 6, 7, 8, 9, 10, 11, 12, 13, 14, 15]];
RandomForest_10_f;[ 0.73142857  0.21285714  0.73      ];0.695238095238;[[0, 1, 2, 3] [5, 6, 7]];
RandomForest_10_f;[ 0.72857143  0.23714286  0.71714286];0.659523809524;[[0, 1, 2, 3] [5, 6, 7, 8]];
RandomForest_10_f;[ 0.72285714  0.39714286  0.64285714];0.611904761905;[[0, 1, 2, 3] [5, 6, 7, 8, 9]];
RandomForest_10_f;[ 0.73        0.45428571  0.62857143];0.607142857143;[[0, 1, 2, 3] [5, 6, 7, 8, 9, 10]];
RandomForest_10_f;[ 0.72857143  0.57285714  0.56428571];0.635714285714;[[0, 1, 2, 3] [5, 6, 7, 8, 9, 10, 11]];
RandomForest_10_f;[ 0.77714286  0.63142857  0.51857143];0.657142857143;[[0, 1, 2, 3] [5, 6, 7, 8, 9, 10, 11, 12]];
RandomForest_10_f;[ 0.71714286  0.66285714  0.51428571];0.657142857143;[[0, 1, 2, 3] [5, 6, 7, 8, 9, 10, 11, 12, 13]];
RandomForest_10_f;[ 0.74428571  0.73142857  0.44142857];0.714285714286;[[0, 1, 2, 3] [5, 6, 7, 8, 9, 10, 11, 12, 13, 14]];
RandomForest_10_f;[ 0.72571429  0.73        0.12857143];0.702380952381;[[0, 1, 2, 3] [5, 6, 7, 8, 9, 10, 11, 12, 13, 14, 15]];
RandomForest_10_f;[ 0.82571429  0.31        0.73571429];0.740476190476;[[0, 1, 2, 3, 4] [6, 7, 8]];
RandomForest_10_f;[ 0.77        0.44285714  0.68714286];0.683333333333;[[0, 1, 2, 3, 4] [6, 7, 8, 9]];
RandomForest_10_f;[ 0.79142857  0.48        0.64428571];0.671428571429;[[0, 1, 2, 3, 4] [6, 7, 8, 9, 10]];
RandomForest_10_f;[ 0.79        0.53428571  0.59142857];0.661904761905;[[0, 1, 2, 3, 4] [6, 7, 8, 9, 10, 11]];
RandomForest_10_f;[ 0.79857143  0.64        0.66571429];0.709523809524;[[0, 1, 2, 3, 4] [6, 7, 8, 9, 10, 11, 12]];
RandomForest_10_f;[ 0.77142857  0.65857143  0.59428571];0.707142857143;[[0, 1, 2, 3, 4] [6, 7, 8, 9, 10, 11, 12, 13]];
RandomForest_10_f;[ 0.82142857  0.68285714  0.46428571];0.72619047619;[[0, 1, 2, 3, 4] [6, 7, 8, 9, 10, 11, 12, 13, 14]];
RandomForest_10_f;[ 0.76857143  0.71714286  0.23571429];0.72619047619;[[0, 1, 2, 3, 4] [6, 7, 8, 9, 10, 11, 12, 13, 14, 15]];
RandomForest_10_f;[ 0.84571429  0.39        0.68714286];0.733333333333;[[0, 1, 2, 3, 4, 5] [7, 8, 9]];
RandomForest_10_f;[ 0.87285714  0.41714286  0.68285714];0.730952380952;[[0, 1, 2, 3, 4, 5] [7, 8, 9, 10]];
RandomForest_10_f;[ 0.83714286  0.51857143  0.67285714];0.711904761905;[[0, 1, 2, 3, 4, 5] [7, 8, 9, 10, 11]];
RandomForest_10_f;[ 0.83857143  0.59142857  0.60285714];0.711904761905;[[0, 1, 2, 3, 4, 5] [7, 8, 9, 10, 11, 12]];
RandomForest_10_f;[ 0.86142857  0.61428571  0.53285714];0.711904761905;[[0, 1, 2, 3, 4, 5] [7, 8, 9, 10, 11, 12, 13]];
RandomForest_10_f;[ 0.86142857  0.62571429  0.52      ];0.716666666667;[[0, 1, 2, 3, 4, 5] [7, 8, 9, 10, 11, 12, 13, 14]];
RandomForest_10_f;[ 0.86        0.65571429  0.17571429];0.72380952381;[[0, 1, 2, 3, 4, 5] [7, 8, 9, 10, 11, 12, 13, 14, 15]];
RandomForest_10_f;[ 0.84857143  0.36285714  0.64142857];0.733333333333;[[0, 1, 2, 3, 4, 5, 6] [8, 9, 10]];
RandomForest_10_f;[ 0.83        0.45428571  0.59714286];0.704761904762;[[0, 1, 2, 3, 4, 5, 6] [8, 9, 10, 11]];
RandomForest_10_f;[ 0.86285714  0.47571429  0.60428571];0.702380952381;[[0, 1, 2, 3, 4, 5, 6] [8, 9, 10, 11, 12]];
RandomForest_10_f;[ 0.85714286  0.49        0.56857143];0.685714285714;[[0, 1, 2, 3, 4, 5, 6] [8, 9, 10, 11, 12, 13]];
RandomForest_10_f;[ 0.86428571  0.53857143  0.49      ];0.685714285714;[[0, 1, 2, 3, 4, 5, 6] [8, 9, 10, 11, 12, 13, 14]];
RandomForest_10_f;[ 0.82714286  0.59571429  0.33      ];0.695238095238;[[0, 1, 2, 3, 4, 5, 6] [8, 9, 10, 11, 12, 13, 14, 15]];
RandomForest_10_f;[ 0.80857143  0.41857143  0.61428571];0.719047619048;[[0, 1, 2, 3, 4, 5, 6, 7] [9, 10, 11]];
RandomForest_10_f;[ 0.85285714  0.44285714  0.61857143];0.72619047619;[[0, 1, 2, 3, 4, 5, 6, 7] [9, 10, 11, 12]];
RandomForest_10_f;[ 0.82285714  0.46285714  0.46285714];0.671428571429;[[0, 1, 2, 3, 4, 5, 6, 7] [9, 10, 11, 12, 13]];
RandomForest_10_f;[ 0.84285714  0.47428571  0.40285714];0.671428571429;[[0, 1, 2, 3, 4, 5, 6, 7] [9, 10, 11, 12, 13, 14]];
RandomForest_10_f;[ 0.84        0.50571429  0.21857143];0.67380952381;[[0, 1, 2, 3, 4, 5, 6, 7] [9, 10, 11, 12, 13, 14, 15]];
RandomForest_10_f;[ 0.83571429  0.30857143  0.53285714];0.711904761905;[[0, 1, 2, 3, 4, 5, 6, 7, 8] [10, 11, 12]];
RandomForest_10_f;[ 0.83571429  0.31142857  0.49142857];0.688095238095;[[0, 1, 2, 3, 4, 5, 6, 7, 8] [10, 11, 12, 13]];
RandomForest_10_f;[ 0.80571429  0.45285714  0.44      ];0.692857142857;[[0, 1, 2, 3, 4, 5, 6, 7, 8] [10, 11, 12, 13, 14]];
RandomForest_10_f;[ 0.82285714  0.48285714  0.34714286];0.702380952381;[[0, 1, 2, 3, 4, 5, 6, 7, 8] [10, 11, 12, 13, 14, 15]];
RandomForest_20_f;[ 0.          0.57428571  0.81857143];0.740476190476;[[0] [2, 3, 4]];
RandomForest_20_f;[ 0.          0.68428571  0.81      ];0.754761904762;[[0] [2, 3, 4, 5]];
RandomForest_20_f;[ 0.07142857  0.72        0.78714286];0.745238095238;[[0] [2, 3, 4, 5, 6]];
RandomForest_20_f;[ 0.          0.68142857  0.72714286];0.695238095238;[[0] [2, 3, 4, 5, 6, 7]];
RandomForest_20_f;[ 0.          0.73428571  0.68571429];0.695238095238;[[0] [2, 3, 4, 5, 6, 7, 8]];
RandomForest_20_f;[ 0.          0.72571429  0.67571429];0.697619047619;[[0] [2, 3, 4, 5, 6, 7, 8, 9]];
RandomForest_20_f;[ 0.          0.75142857  0.63142857];0.697619047619;[[0] [2, 3, 4, 5, 6, 7, 8, 9, 10]];
RandomForest_20_f;[ 0.          0.76285714  0.63      ];0.716666666667;[[0] [2, 3, 4, 5, 6, 7, 8, 9, 10, 11]];
RandomForest_20_f;[ 0.          0.77571429  0.55      ];0.709523809524;[[0] [2, 3, 4, 5, 6, 7, 8, 9, 10, 11, 12]];
RandomForest_20_f;[ 0.          0.79142857  0.54714286];0.735714285714;[[0] [2, 3, 4, 5, 6, 7, 8, 9, 10, 11, 12, 13]];
RandomForest_20_f;[ 0.          0.81571429  0.49571429];0.759523809524;[[0] [2, 3, 4, 5, 6, 7, 8, 9, 10, 11, 12, 13, 14]];
RandomForest_20_f;[ 0.03571429  0.82285714  0.40142857];0.766666666667;[[0] [2, 3, 4, 5, 6, 7, 8, 9, 10, 11, 12, 13, 14, 15]];
RandomForest_20_f;[ 0.69        0.49571429  0.82142857];0.728571428571;[[0, 1] [3, 4, 5]];
RandomForest_20_f;[ 0.75142857  0.48        0.75285714];0.671428571429;[[0, 1] [3, 4, 5, 6]];
RandomForest_20_f;[ 0.67571429  0.52571429  0.70857143];0.647619047619;[[0, 1] [3, 4, 5, 6, 7]];
RandomForest_20_f;[ 0.61        0.58857143  0.75571429];0.664285714286;[[0, 1] [3, 4, 5, 6, 7, 8]];
RandomForest_20_f;[ 0.67714286  0.61142857  0.65857143];0.640476190476;[[0, 1] [3, 4, 5, 6, 7, 8, 9]];
RandomForest_20_f;[ 0.76        0.64285714  0.65571429];0.657142857143;[[0, 1] [3, 4, 5, 6, 7, 8, 9, 10]];
RandomForest_20_f;[ 0.75        0.65714286  0.61571429];0.654761904762;[[0, 1] [3, 4, 5, 6, 7, 8, 9, 10, 11]];
RandomForest_20_f;[ 0.65571429  0.70428571  0.49857143];0.664285714286;[[0, 1] [3, 4, 5, 6, 7, 8, 9, 10, 11, 12]];
RandomForest_20_f;[ 0.68857143  0.69428571  0.46      ];0.661904761905;[[0, 1] [3, 4, 5, 6, 7, 8, 9, 10, 11, 12, 13]];
RandomForest_20_f;[ 0.73857143  0.74857143  0.44428571];0.704761904762;[[0, 1] [3, 4, 5, 6, 7, 8, 9, 10, 11, 12, 13, 14]];
RandomForest_20_f;[ 0.68857143  0.76        0.29142857];0.711904761905;[[0, 1] [3, 4, 5, 6, 7, 8, 9, 10, 11, 12, 13, 14, 15]];
RandomForest_20_f;[ 0.59        0.44        0.75142857];0.678571428571;[[0, 1, 2] [4, 5, 6]];
RandomForest_20_f;[ 0.63        0.39714286  0.73      ];0.65;[[0, 1, 2] [4, 5, 6, 7]];
RandomForest_20_f;[ 0.63857143  0.43714286  0.69      ];0.616666666667;[[0, 1, 2] [4, 5, 6, 7, 8]];
RandomForest_20_f;[ 0.64285714  0.49142857  0.66      ];0.6;[[0, 1, 2] [4, 5, 6, 7, 8, 9]];
RandomForest_20_f;[ 0.65        0.56428571  0.60142857];0.6;[[0, 1, 2] [4, 5, 6, 7, 8, 9, 10]];
RandomForest_20_f;[ 0.57714286  0.57428571  0.53857143];0.564285714286;[[0, 1, 2] [4, 5, 6, 7, 8, 9, 10, 11]];
RandomForest_20_f;[ 0.65571429  0.65714286  0.55      ];0.62380952381;[[0, 1, 2] [4, 5, 6, 7, 8, 9, 10, 11, 12]];
RandomForest_20_f;[ 0.66285714  0.65714286  0.45571429];0.609523809524;[[0, 1, 2] [4, 5, 6, 7, 8, 9, 10, 11, 12, 13]];
RandomForest_20_f;[ 0.59285714  0.70857143  0.41857143];0.645238095238;[[0, 1, 2] [4, 5, 6, 7, 8, 9, 10, 11, 12, 13, 14]];
RandomForest_20_f;[ 0.61571429  0.71857143  0.19      ];0.661904761905;[[0, 1, 2] [4, 5, 6, 7, 8, 9, 10, 11, 12, 13, 14, 15]];
RandomForest_20_f;[ 0.72285714  0.10714286  0.72      ];0.683333333333;[[0, 1, 2, 3] [5, 6, 7]];
RandomForest_20_f;[ 0.71428571  0.38285714  0.71285714];0.669047619048;[[0, 1, 2, 3] [5, 6, 7, 8]];
RandomForest_20_f;[ 0.72428571  0.44714286  0.66857143];0.635714285714;[[0, 1, 2, 3] [5, 6, 7, 8, 9]];
RandomForest_20_f;[ 0.7         0.49428571  0.64428571];0.621428571429;[[0, 1, 2, 3] [5, 6, 7, 8, 9, 10]];
RandomForest_20_f;[ 0.72142857  0.58142857  0.58      ];0.633333333333;[[0, 1, 2, 3] [5, 6, 7, 8, 9, 10, 11]];
RandomForest_20_f;[ 0.72428571  0.64571429  0.50285714];0.65;[[0, 1, 2, 3] [5, 6, 7, 8, 9, 10, 11, 12]];
RandomForest_20_f;[ 0.73285714  0.65142857  0.50714286];0.666666666667;[[0, 1, 2, 3] [5, 6, 7, 8, 9, 10, 11, 12, 13]];
RandomForest_20_f;[ 0.73        0.71714286  0.32      ];0.7;[[0, 1, 2, 3] [5, 6, 7, 8, 9, 10, 11, 12, 13, 14]];
RandomForest_20_f;[ 0.72857143  0.7         0.11571429];0.669047619048;[[0, 1, 2, 3] [5, 6, 7, 8, 9, 10, 11, 12, 13, 14, 15]];
RandomForest_20_f;[ 0.77428571  0.34714286  0.78285714];0.75;[[0, 1, 2, 3, 4] [6, 7, 8]];
RandomForest_20_f;[ 0.78857143  0.42428571  0.70142857];0.7;[[0, 1, 2, 3, 4] [6, 7, 8, 9]];
RandomForest_20_f;[ 0.77857143  0.51142857  0.72714286];0.685714285714;[[0, 1, 2, 3, 4] [6, 7, 8, 9, 10]];
RandomForest_20_f;[ 0.77714286  0.59714286  0.57      ];0.664285714286;[[0, 1, 2, 3, 4] [6, 7, 8, 9, 10, 11]];
RandomForest_20_f;[ 0.77714286  0.67        0.64285714];0.709523809524;[[0, 1, 2, 3, 4] [6, 7, 8, 9, 10, 11, 12]];
RandomForest_20_f;[ 0.79        0.64        0.57142857];0.695238095238;[[0, 1, 2, 3, 4] [6, 7, 8, 9, 10, 11, 12, 13]];
RandomForest_20_f;[ 0.81        0.70142857  0.44142857];0.733333333333;[[0, 1, 2, 3, 4] [6, 7, 8, 9, 10, 11, 12, 13, 14]];
RandomForest_20_f;[ 0.77428571  0.73142857  0.53      ];0.740476190476;[[0, 1, 2, 3, 4] [6, 7, 8, 9, 10, 11, 12, 13, 14, 15]];
RandomForest_20_f;[ 0.85857143  0.27142857  0.71      ];0.740476190476;[[0, 1, 2, 3, 4, 5] [7, 8, 9]];
RandomForest_20_f;[ 0.82        0.48        0.67428571];0.716666666667;[[0, 1, 2, 3, 4, 5] [7, 8, 9, 10]];
RandomForest_20_f;[ 0.82714286  0.44857143  0.62714286];0.685714285714;[[0, 1, 2, 3, 4, 5] [7, 8, 9, 10, 11]];
RandomForest_20_f;[ 0.85142857  0.59571429  0.60142857];0.714285714286;[[0, 1, 2, 3, 4, 5] [7, 8, 9, 10, 11, 12]];
RandomForest_20_f;[ 0.85285714  0.61571429  0.55428571];0.714285714286;[[0, 1, 2, 3, 4, 5] [7, 8, 9, 10, 11, 12, 13]];
RandomForest_20_f;[ 0.84857143  0.67142857  0.51428571];0.738095238095;[[0, 1, 2, 3, 4, 5] [7, 8, 9, 10, 11, 12, 13, 14]];
RandomForest_20_f;[ 0.82571429  0.63714286  0.21285714];0.707142857143;[[0, 1, 2, 3, 4, 5] [7, 8, 9, 10, 11, 12, 13, 14, 15]];
RandomForest_20_f;[ 0.84428571  0.35428571  0.70142857];0.742857142857;[[0, 1, 2, 3, 4, 5, 6] [8, 9, 10]];
RandomForest_20_f;[ 0.83428571  0.40571429  0.59714286];0.695238095238;[[0, 1, 2, 3, 4, 5, 6] [8, 9, 10, 11]];
RandomForest_20_f;[ 0.86        0.51428571  0.56857143];0.7;[[0, 1, 2, 3, 4, 5, 6] [8, 9, 10, 11, 12]];
RandomForest_20_f;[ 0.84857143  0.50571429  0.41285714];0.67380952381;[[0, 1, 2, 3, 4, 5, 6] [8, 9, 10, 11, 12, 13]];
RandomForest_20_f;[ 0.82857143  0.55285714  0.53285714];0.688095238095;[[0, 1, 2, 3, 4, 5, 6] [8, 9, 10, 11, 12, 13, 14]];
RandomForest_20_f;[ 0.85142857  0.60142857  0.32142857];0.707142857143;[[0, 1, 2, 3, 4, 5, 6] [8, 9, 10, 11, 12, 13, 14, 15]];
RandomForest_20_f;[ 0.81571429  0.41714286  0.61428571];0.714285714286;[[0, 1, 2, 3, 4, 5, 6, 7] [9, 10, 11]];
RandomForest_20_f;[ 0.84142857  0.52285714  0.57428571];0.719047619048;[[0, 1, 2, 3, 4, 5, 6, 7] [9, 10, 11, 12]];
RandomForest_20_f;[ 0.81        0.49285714  0.52285714];0.683333333333;[[0, 1, 2, 3, 4, 5, 6, 7] [9, 10, 11, 12, 13]];
RandomForest_20_f;[ 0.86714286  0.44428571  0.43142857];0.67619047619;[[0, 1, 2, 3, 4, 5, 6, 7] [9, 10, 11, 12, 13, 14]];
RandomForest_20_f;[ 0.84428571  0.53571429  0.39714286];0.697619047619;[[0, 1, 2, 3, 4, 5, 6, 7] [9, 10, 11, 12, 13, 14, 15]];
RandomForest_20_f;[ 0.84571429  0.37428571  0.55428571];0.733333333333;[[0, 1, 2, 3, 4, 5, 6, 7, 8] [10, 11, 12]];
RandomForest_20_f;[ 0.82        0.36571429  0.44428571];0.685714285714;[[0, 1, 2, 3, 4, 5, 6, 7, 8] [10, 11, 12, 13]];
RandomForest_20_f;[ 0.83        0.44        0.48571429];0.702380952381;[[0, 1, 2, 3, 4, 5, 6, 7, 8] [10, 11, 12, 13, 14]];
RandomForest_20_f;[ 0.84428571  0.45714286  0.43571429];0.695238095238;[[0, 1, 2, 3, 4, 5, 6, 7, 8] [10, 11, 12, 13, 14, 15]];
RandomForest_50_f;[ 0.04714286  0.61142857  0.82857143];0.75;[[0] [2, 3, 4]];
RandomForest_50_f;[ 0.          0.68142857  0.82857143];0.769047619048;[[0] [2, 3, 4, 5]];
RandomForest_50_f;[ 0.          0.70571429  0.77428571];0.733333333333;[[0] [2, 3, 4, 5, 6]];
RandomForest_50_f;[ 0.          0.70857143  0.72142857];0.702380952381;[[0] [2, 3, 4, 5, 6, 7]];
RandomForest_50_f;[ 0.          0.73285714  0.70571429];0.702380952381;[[0] [2, 3, 4, 5, 6, 7, 8]];
RandomForest_50_f;[ 0.21428571  0.74        0.72285714];0.72380952381;[[0] [2, 3, 4, 5, 6, 7, 8, 9]];
RandomForest_50_f;[ 0.          0.72285714  0.63142857];0.688095238095;[[0] [2, 3, 4, 5, 6, 7, 8, 9, 10]];
RandomForest_50_f;[ 0.          0.77857143  0.59571429];0.707142857143;[[0] [2, 3, 4, 5, 6, 7, 8, 9, 10, 11]];
RandomForest_50_f;[ 0.16666667  0.77333333  0.52333333];0.705555555556;[[0] [2, 3, 4, 5, 6, 7, 8, 9, 10, 11, 12]];
RandomForest_50_f;[ 0.04714286  0.79428571  0.50857143];0.72619047619;[[0] [2, 3, 4, 5, 6, 7, 8, 9, 10, 11, 12, 13]];
RandomForest_50_f;[ 0.07142857  0.80857143  0.50285714];0.752380952381;[[0] [2, 3, 4, 5, 6, 7, 8, 9, 10, 11, 12, 13, 14]];
RandomForest_50_f;[ 0.10714286  0.82        0.35857143];0.759523809524;[[0] [2, 3, 4, 5, 6, 7, 8, 9, 10, 11, 12, 13, 14, 15]];
RandomForest_50_f;[ 0.64428571  0.44857143  0.83142857];0.716666666667;[[0, 1] [3, 4, 5]];
RandomForest_50_f;[ 0.73428571  0.45428571  0.75285714];0.669047619048;[[0, 1] [3, 4, 5, 6]];
RandomForest_50_f;[ 0.78428571  0.54571429  0.73142857];0.659523809524;[[0, 1] [3, 4, 5, 6, 7]];
RandomForest_50_f;[ 0.75571429  0.58857143  0.72571429];0.666666666667;[[0, 1] [3, 4, 5, 6, 7, 8]];
RandomForest_50_f;[ 0.75285714  0.60428571  0.69714286];0.652380952381;[[0, 1] [3, 4, 5, 6, 7, 8, 9]];
RandomForest_50_f;[ 0.68285714  0.64571429  0.67      ];0.652380952381;[[0, 1] [3, 4, 5, 6, 7, 8, 9, 10]];
RandomForest_50_f;[ 0.73        0.65142857  0.55142857];0.638095238095;[[0, 1] [3, 4, 5, 6, 7, 8, 9, 10, 11]];
RandomForest_50_f;[ 0.73714286  0.68        0.48142857];0.642857142857;[[0, 1] [3, 4, 5, 6, 7, 8, 9, 10, 11, 12]];
RandomForest_50_f;[ 0.63714286  0.71285714  0.44714286];0.671428571429;[[0, 1] [3, 4, 5, 6, 7, 8, 9, 10, 11, 12, 13]];
RandomForest_50_f;[ 0.67        0.74571429  0.37285714];0.707142857143;[[0, 1] [3, 4, 5, 6, 7, 8, 9, 10, 11, 12, 13, 14]];
RandomForest_50_f;[ 0.73571429  0.76571429  0.23      ];0.704761904762;[[0, 1] [3, 4, 5, 6, 7, 8, 9, 10, 11, 12, 13, 14, 15]];
RandomForest_50_f;[ 0.56285714  0.38        0.74571429];0.669047619048;[[0, 1, 2] [4, 5, 6]];
RandomForest_50_f;[ 0.60428571  0.33714286  0.70285714];0.616666666667;[[0, 1, 2] [4, 5, 6, 7]];
RandomForest_50_f;[ 0.58714286  0.37428571  0.67857143];0.583333333333;[[0, 1, 2] [4, 5, 6, 7, 8]];
RandomForest_50_f;[ 0.64142857  0.50142857  0.64142857];0.595238095238;[[0, 1, 2] [4, 5, 6, 7, 8, 9]];
RandomForest_50_f;[ 0.61  0.59  0.62];0.602380952381;[[0, 1, 2] [4, 5, 6, 7, 8, 9, 10]];
RandomForest_50_f;[ 0.67285714  0.60142857  0.53571429];0.585714285714;[[0, 1, 2] [4, 5, 6, 7, 8, 9, 10, 11]];
RandomForest_50_f;[ 0.61571429  0.64857143  0.51285714];0.609523809524;[[0, 1, 2] [4, 5, 6, 7, 8, 9, 10, 11, 12]];
RandomForest_50_f;[ 0.59285714  0.63857143  0.38285714];0.590476190476;[[0, 1, 2] [4, 5, 6, 7, 8, 9, 10, 11, 12, 13]];
RandomForest_50_f;[ 0.60571429  0.70428571  0.31571429];0.638095238095;[[0, 1, 2] [4, 5, 6, 7, 8, 9, 10, 11, 12, 13, 14]];
RandomForest_50_f;[ 0.6         0.70571429  0.31428571];0.645238095238;[[0, 1, 2] [4, 5, 6, 7, 8, 9, 10, 11, 12, 13, 14, 15]];
RandomForest_50_f;[ 0.74428571  0.40142857  0.72      ];0.704761904762;[[0, 1, 2, 3] [5, 6, 7]];
RandomForest_50_f;[ 0.73142857  0.34857143  0.68571429];0.661904761905;[[0, 1, 2, 3] [5, 6, 7, 8]];
RandomForest_50_f;[ 0.72285714  0.46285714  0.65428571];0.640476190476;[[0, 1, 2, 3] [5, 6, 7, 8, 9]];
RandomForest_50_f;[ 0.70285714  0.46571429  0.64714286];0.62619047619;[[0, 1, 2, 3] [5, 6, 7, 8, 9, 10]];
RandomForest_50_f;[ 0.73142857  0.59857143  0.52428571];0.635714285714;[[0, 1, 2, 3] [5, 6, 7, 8, 9, 10, 11]];
RandomForest_50_f;[ 0.73        0.64285714  0.59428571];0.666666666667;[[0, 1, 2, 3] [5, 6, 7, 8, 9, 10, 11, 12]];
RandomForest_50_f;[ 0.69428571  0.63428571  0.54      ];0.635714285714;[[0, 1, 2, 3] [5, 6, 7, 8, 9, 10, 11, 12, 13]];
RandomForest_50_f;[ 0.71571429  0.70571429  0.55      ];0.688095238095;[[0, 1, 2, 3] [5, 6, 7, 8, 9, 10, 11, 12, 13, 14]];
RandomForest_50_f;[ 0.75285714  0.73571429  0.35714286];0.72619047619;[[0, 1, 2, 3] [5, 6, 7, 8, 9, 10, 11, 12, 13, 14, 15]];
RandomForest_50_f;[ 0.79285714  0.28714286  0.74285714];0.721428571429;[[0, 1, 2, 3, 4] [6, 7, 8]];
RandomForest_50_f;[ 0.81        0.44142857  0.70142857];0.7;[[0, 1, 2, 3, 4] [6, 7, 8, 9]];
RandomForest_50_f;[ 0.80428571  0.48857143  0.69142857];0.692857142857;[[0, 1, 2, 3, 4] [6, 7, 8, 9, 10]];
RandomForest_50_f;[ 0.8         0.55        0.55142857];0.652380952381;[[0, 1, 2, 3, 4] [6, 7, 8, 9, 10, 11]];
RandomForest_50_f;[ 0.78        0.61        0.53285714];0.680952380952;[[0, 1, 2, 3, 4] [6, 7, 8, 9, 10, 11, 12]];
RandomForest_50_f;[ 0.77714286  0.66285714  0.56      ];0.7;[[0, 1, 2, 3, 4] [6, 7, 8, 9, 10, 11, 12, 13]];
RandomForest_50_f;[ 0.78285714  0.72142857  0.53142857];0.728571428571;[[0, 1, 2, 3, 4] [6, 7, 8, 9, 10, 11, 12, 13, 14]];
RandomForest_50_f;[ 0.81714286  0.71857143  0.10714286];0.740476190476;[[0, 1, 2, 3, 4] [6, 7, 8, 9, 10, 11, 12, 13, 14, 15]];
RandomForest_50_f;[ 0.85285714  0.37428571  0.74571429];0.759523809524;[[0, 1, 2, 3, 4, 5] [7, 8, 9]];
RandomForest_50_f;[ 0.85857143  0.42571429  0.67285714];0.719047619048;[[0, 1, 2, 3, 4, 5] [7, 8, 9, 10]];
RandomForest_50_f;[ 0.83857143  0.53857143  0.64      ];0.7;[[0, 1, 2, 3, 4, 5] [7, 8, 9, 10, 11]];
RandomForest_50_f;[ 0.84714286  0.59        0.63714286];0.714285714286;[[0, 1, 2, 3, 4, 5] [7, 8, 9, 10, 11, 12]];
RandomForest_50_f;[ 0.83428571  0.56142857  0.51571429];0.678571428571;[[0, 1, 2, 3, 4, 5] [7, 8, 9, 10, 11, 12, 13]];
RandomForest_50_f;[ 0.83428571  0.62428571  0.40571429];0.704761904762;[[0, 1, 2, 3, 4, 5] [7, 8, 9, 10, 11, 12, 13, 14]];
RandomForest_50_f;[ 0.83857143  0.63714286  0.23142857];0.716666666667;[[0, 1, 2, 3, 4, 5] [7, 8, 9, 10, 11, 12, 13, 14, 15]];
RandomForest_50_f;[ 0.83714286  0.41714286  0.67857143];0.747619047619;[[0, 1, 2, 3, 4, 5, 6] [8, 9, 10]];
RandomForest_50_f;[ 0.83571429  0.56        0.57142857];0.702380952381;[[0, 1, 2, 3, 4, 5, 6] [8, 9, 10, 11]];
RandomForest_50_f;[ 0.84857143  0.50571429  0.60142857];0.697619047619;[[0, 1, 2, 3, 4, 5, 6] [8, 9, 10, 11, 12]];
RandomForest_50_f;[ 0.86428571  0.51142857  0.50285714];0.692857142857;[[0, 1, 2, 3, 4, 5, 6] [8, 9, 10, 11, 12, 13]];
RandomForest_50_f;[ 0.83857143  0.58        0.47142857];0.695238095238;[[0, 1, 2, 3, 4, 5, 6] [8, 9, 10, 11, 12, 13, 14]];
RandomForest_50_f;[ 0.87        0.55714286  0.25571429];0.692857142857;[[0, 1, 2, 3, 4, 5, 6] [8, 9, 10, 11, 12, 13, 14, 15]];
RandomForest_50_f;[ 0.81285714  0.57142857  0.65142857];0.745238095238;[[0, 1, 2, 3, 4, 5, 6, 7] [9, 10, 11]];
RandomForest_50_f;[ 0.83        0.44142857  0.59285714];0.711904761905;[[0, 1, 2, 3, 4, 5, 6, 7] [9, 10, 11, 12]];
RandomForest_50_f;[ 0.82714286  0.46571429  0.42428571];0.666666666667;[[0, 1, 2, 3, 4, 5, 6, 7] [9, 10, 11, 12, 13]];
RandomForest_50_f;[ 0.84285714  0.47428571  0.46571429];0.685714285714;[[0, 1, 2, 3, 4, 5, 6, 7] [9, 10, 11, 12, 13, 14]];
RandomForest_50_f;[ 0.87        0.55        0.19571429];0.707142857143;[[0, 1, 2, 3, 4, 5, 6, 7] [9, 10, 11, 12, 13, 14, 15]];
RandomForest_50_f;[ 0.81714286  0.16571429  0.53428571];0.688095238095;[[0, 1, 2, 3, 4, 5, 6, 7, 8] [10, 11, 12]];
RandomForest_50_f;[ 0.83857143  0.45142857  0.49428571];0.695238095238;[[0, 1, 2, 3, 4, 5, 6, 7, 8] [10, 11, 12, 13]];
RandomForest_50_f;[ 0.85        0.39857143  0.41714286];0.685714285714;[[0, 1, 2, 3, 4, 5, 6, 7, 8] [10, 11, 12, 13, 14]];
RandomForest_50_f;[ 0.82        0.47571429  0.39142857];0.688095238095;[[0, 1, 2, 3, 4, 5, 6, 7, 8] [10, 11, 12, 13, 14, 15]];
RandomForest_200_f;[ 0.          0.60714286  0.82714286];0.752380952381;[[0] [2, 3, 4]];
RandomForest_200_f;[ 0.04714286  0.64285714  0.82285714];0.747619047619;[[0] [2, 3, 4, 5]];
RandomForest_200_f;[ 0.          0.65285714  0.75428571];0.702380952381;[[0] [2, 3, 4, 5, 6]];
RandomForest_200_f;[ 0.03571429  0.66571429  0.71857143];0.683333333333;[[0] [2, 3, 4, 5, 6, 7]];
RandomForest_200_f;[ 0.04714286  0.73142857  0.69285714];0.702380952381;[[0] [2, 3, 4, 5, 6, 7, 8]];
RandomForest_200_f;[ 0.          0.73571429  0.69285714];0.702380952381;[[0] [2, 3, 4, 5, 6, 7, 8, 9]];
RandomForest_200_f;[ 0.          0.74571429  0.60285714];0.680952380952;[[0] [2, 3, 4, 5, 6, 7, 8, 9, 10]];
RandomForest_200_f;[ 0.          0.74571429  0.57      ];0.680952380952;[[0] [2, 3, 4, 5, 6, 7, 8, 9, 10, 11]];
RandomForest_200_f;[ 0.07142857  0.79571429  0.56428571];0.721428571429;[[0] [2, 3, 4, 5, 6, 7, 8, 9, 10, 11, 12]];
RandomForest_200_f;[ 0.03571429  0.78571429  0.44857143];0.704761904762;[[0] [2, 3, 4, 5, 6, 7, 8, 9, 10, 11, 12, 13]];
RandomForest_200_f;[ 0.14285714  0.81142857  0.56857143];0.759523809524;[[0] [2, 3, 4, 5, 6, 7, 8, 9, 10, 11, 12, 13, 14]];
RandomForest_200_f;[ 0.04714286  0.82428571  0.38571429];0.757142857143;[[0] [2, 3, 4, 5, 6, 7, 8, 9, 10, 11, 12, 13, 14, 15]];
RandomForest_200_f;[ 0.70857143  0.49428571  0.81428571];0.728571428571;[[0, 1] [3, 4, 5]];
RandomForest_200_f;[ 0.75714286  0.48571429  0.76571429];0.688095238095;[[0, 1] [3, 4, 5, 6]];
RandomForest_200_f;[ 0.72857143  0.54714286  0.72428571];0.664285714286;[[0, 1] [3, 4, 5, 6, 7]];
RandomForest_200_f;[ 0.64428571  0.59        0.74571429];0.664285714286;[[0, 1] [3, 4, 5, 6, 7, 8]];
RandomForest_200_f;[ 0.72857143  0.59        0.65857143];0.628571428571;[[0, 1] [3, 4, 5, 6, 7, 8, 9]];
RandomForest_200_f;[ 0.66857143  0.64142857  0.64714286];0.647619047619;[[0, 1] [3, 4, 5, 6, 7, 8, 9, 10]];
RandomForest_200_f;[ 0.71571429  0.64714286  0.52857143];0.616666666667;[[0, 1] [3, 4, 5, 6, 7, 8, 9, 10, 11]];
RandomForest_200_f;[ 0.70142857  0.67571429  0.47      ];0.647619047619;[[0, 1] [3, 4, 5, 6, 7, 8, 9, 10, 11, 12]];
RandomForest_200_f;[ 0.72        0.70857143  0.47428571];0.680952380952;[[0, 1] [3, 4, 5, 6, 7, 8, 9, 10, 11, 12, 13]];
RandomForest_200_f;[ 0.74285714  0.74714286  0.51714286];0.716666666667;[[0, 1] [3, 4, 5, 6, 7, 8, 9, 10, 11, 12, 13, 14]];
RandomForest_200_f;[ 0.69857143  0.73571429  0.16857143];0.685714285714;[[0, 1] [3, 4, 5, 6, 7, 8, 9, 10, 11, 12, 13, 14, 15]];
RandomForest_200_f;[ 0.60857143  0.27428571  0.74      ];0.661904761905;[[0, 1, 2] [4, 5, 6]];
RandomForest_200_f;[ 0.58285714  0.32857143  0.66142857];0.580952380952;[[0, 1, 2] [4, 5, 6, 7]];
RandomForest_200_f;[ 0.57428571  0.41        0.65428571];0.571428571429;[[0, 1, 2] [4, 5, 6, 7, 8]];
RandomForest_200_f;[ 0.58428571  0.52571429  0.66142857];0.595238095238;[[0, 1, 2] [4, 5, 6, 7, 8, 9]];
RandomForest_200_f;[ 0.59285714  0.51857143  0.60142857];0.564285714286;[[0, 1, 2] [4, 5, 6, 7, 8, 9, 10]];
RandomForest_200_f;[ 0.58857143  0.60428571  0.56714286];0.57380952381;[[0, 1, 2] [4, 5, 6, 7, 8, 9, 10, 11]];
RandomForest_200_f;[ 0.59142857  0.67857143  0.48714286];0.616666666667;[[0, 1, 2] [4, 5, 6, 7, 8, 9, 10, 11, 12]];
RandomForest_200_f;[ 0.64857143  0.64142857  0.45571429];0.609523809524;[[0, 1, 2] [4, 5, 6, 7, 8, 9, 10, 11, 12, 13]];
RandomForest_200_f;[ 0.64285714  0.70428571  0.39      ];0.654761904762;[[0, 1, 2] [4, 5, 6, 7, 8, 9, 10, 11, 12, 13, 14]];
RandomForest_200_f;[ 0.60857143  0.70285714  0.16428571];0.635714285714;[[0, 1, 2] [4, 5, 6, 7, 8, 9, 10, 11, 12, 13, 14, 15]];
RandomForest_200_f;[ 0.69857143  0.22857143  0.73428571];0.678571428571;[[0, 1, 2, 3] [5, 6, 7]];
RandomForest_200_f;[ 0.73428571  0.36285714  0.70428571];0.659523809524;[[0, 1, 2, 3] [5, 6, 7, 8]];
RandomForest_200_f;[ 0.72571429  0.42428571  0.65      ];0.62380952381;[[0, 1, 2, 3] [5, 6, 7, 8, 9]];
RandomForest_200_f;[ 0.69714286  0.52714286  0.59857143];0.607142857143;[[0, 1, 2, 3] [5, 6, 7, 8, 9, 10]];
RandomForest_200_f;[ 0.74142857  0.53        0.57857143];0.62380952381;[[0, 1, 2, 3] [5, 6, 7, 8, 9, 10, 11]];
RandomForest_200_f;[ 0.70714286  0.64285714  0.54714286];0.640476190476;[[0, 1, 2, 3] [5, 6, 7, 8, 9, 10, 11, 12]];
RandomForest_200_f;[ 0.70714286  0.64285714  0.48      ];0.642857142857;[[0, 1, 2, 3] [5, 6, 7, 8, 9, 10, 11, 12, 13]];
RandomForest_200_f;[ 0.71714286  0.71        0.31571429];0.67380952381;[[0, 1, 2, 3] [5, 6, 7, 8, 9, 10, 11, 12, 13, 14]];
RandomForest_200_f;[ 0.71285714  0.69571429  0.14285714];0.680952380952;[[0, 1, 2, 3] [5, 6, 7, 8, 9, 10, 11, 12, 13, 14, 15]];
RandomForest_200_f;[ 0.78714286  0.48571429  0.73285714];0.721428571429;[[0, 1, 2, 3, 4] [6, 7, 8]];
RandomForest_200_f;[ 0.79142857  0.50142857  0.73428571];0.716666666667;[[0, 1, 2, 3, 4] [6, 7, 8, 9]];
RandomForest_200_f;[ 0.75714286  0.51        0.69      ];0.669047619048;[[0, 1, 2, 3, 4] [6, 7, 8, 9, 10]];
RandomForest_200_f;[ 0.77        0.53428571  0.60571429];0.652380952381;[[0, 1, 2, 3, 4] [6, 7, 8, 9, 10, 11]];
RandomForest_200_f;[ 0.79285714  0.62285714  0.59      ];0.692857142857;[[0, 1, 2, 3, 4] [6, 7, 8, 9, 10, 11, 12]];
RandomForest_200_f;[ 0.78714286  0.61857143  0.45571429];0.680952380952;[[0, 1, 2, 3, 4] [6, 7, 8, 9, 10, 11, 12, 13]];
RandomForest_200_f;[ 0.79285714  0.69571429  0.35714286];0.711904761905;[[0, 1, 2, 3, 4] [6, 7, 8, 9, 10, 11, 12, 13, 14]];
RandomForest_200_f;[ 0.79428571  0.71857143  0.39428571];0.728571428571;[[0, 1, 2, 3, 4] [6, 7, 8, 9, 10, 11, 12, 13, 14, 15]];
RandomForest_200_f;[ 0.85857143  0.47285714  0.71714286];0.752380952381;[[0, 1, 2, 3, 4, 5] [7, 8, 9]];
RandomForest_200_f;[ 0.82571429  0.44285714  0.71428571];0.72380952381;[[0, 1, 2, 3, 4, 5] [7, 8, 9, 10]];
RandomForest_200_f;[ 0.83        0.49857143  0.60142857];0.680952380952;[[0, 1, 2, 3, 4, 5] [7, 8, 9, 10, 11]];
RandomForest_200_f;[ 0.84        0.58714286  0.62142857];0.711904761905;[[0, 1, 2, 3, 4, 5] [7, 8, 9, 10, 11, 12]];
RandomForest_200_f;[ 0.82142857  0.57285714  0.56285714];0.688095238095;[[0, 1, 2, 3, 4, 5] [7, 8, 9, 10, 11, 12, 13]];
RandomForest_200_f;[ 0.84571429  0.64714286  0.48285714];0.72380952381;[[0, 1, 2, 3, 4, 5] [7, 8, 9, 10, 11, 12, 13, 14]];
RandomForest_200_f;[ 0.84714286  0.64        0.18571429];0.711904761905;[[0, 1, 2, 3, 4, 5] [7, 8, 9, 10, 11, 12, 13, 14, 15]];
RandomForest_200_f;[ 0.86142857  0.44857143  0.66428571];0.740476190476;[[0, 1, 2, 3, 4, 5, 6] [8, 9, 10]];
RandomForest_200_f;[ 0.82428571  0.45714286  0.59285714];0.695238095238;[[0, 1, 2, 3, 4, 5, 6] [8, 9, 10, 11]];
RandomForest_200_f;[ 0.85428571  0.49857143  0.58      ];0.690476190476;[[0, 1, 2, 3, 4, 5, 6] [8, 9, 10, 11, 12]];
RandomForest_200_f;[ 0.86714286  0.49285714  0.47571429];0.669047619048;[[0, 1, 2, 3, 4, 5, 6] [8, 9, 10, 11, 12, 13]];
RandomForest_200_f;[ 0.86428571  0.52714286  0.64857143];0.692857142857;[[0, 1, 2, 3, 4, 5, 6] [8, 9, 10, 11, 12, 13, 14]];
RandomForest_200_f;[ 0.86285714  0.55714286  0.23857143];0.671428571429;[[0, 1, 2, 3, 4, 5, 6] [8, 9, 10, 11, 12, 13, 14, 15]];
RandomForest_200_f;[ 0.85428571  0.56428571  0.63857143];0.75;[[0, 1, 2, 3, 4, 5, 6, 7] [9, 10, 11]];
RandomForest_200_f;[ 0.82428571  0.47857143  0.62857143];0.716666666667;[[0, 1, 2, 3, 4, 5, 6, 7] [9, 10, 11, 12]];
RandomForest_200_f;[ 0.81428571  0.43285714  0.48714286];0.671428571429;[[0, 1, 2, 3, 4, 5, 6, 7] [9, 10, 11, 12, 13]];
RandomForest_200_f;[ 0.84428571  0.45142857  0.38714286];0.659523809524;[[0, 1, 2, 3, 4, 5, 6, 7] [9, 10, 11, 12, 13, 14]];
RandomForest_200_f;[ 0.86285714  0.55285714  0.34142857];0.707142857143;[[0, 1, 2, 3, 4, 5, 6, 7] [9, 10, 11, 12, 13, 14, 15]];
RandomForest_200_f;[ 0.84285714  0.26714286  0.52428571];0.709523809524;[[0, 1, 2, 3, 4, 5, 6, 7, 8] [10, 11, 12]];
RandomForest_200_f;[ 0.82714286  0.37285714  0.46285714];0.690476190476;[[0, 1, 2, 3, 4, 5, 6, 7, 8] [10, 11, 12, 13]];
RandomForest_200_f;[ 0.84857143  0.37        0.40428571];0.683333333333;[[0, 1, 2, 3, 4, 5, 6, 7, 8] [10, 11, 12, 13, 14]];
RandomForest_200_f;[ 0.84428571  0.45714286  0.38428571];0.7;[[0, 1, 2, 3, 4, 5, 6, 7, 8] [10, 11, 12, 13, 14, 15]];
Bagging_1_f;[ 0.          0.58571429  0.80714286];0.747619047619;[[0] [2, 3, 4]];
Bagging_1_f;[ 0.          0.64142857  0.80714286];0.747619047619;[[0] [2, 3, 4, 5]];
Bagging_1_f;[ 0.          0.63857143  0.75857143];0.716666666667;[[0] [2, 3, 4, 5, 6]];
Bagging_1_f;[ 0.          0.65571429  0.70857143];0.685714285714;[[0] [2, 3, 4, 5, 6, 7]];
Bagging_1_f;[ 0.          0.69428571  0.69571429];0.688095238095;[[0] [2, 3, 4, 5, 6, 7, 8]];
Bagging_1_f;[ 0.          0.60333333  0.69833333];0.627777777778;[[0] [2, 3, 4, 5, 6, 7, 8, 9]];
Bagging_1_f;[ 0.          0.67571429  0.71428571];0.683333333333;[[0] [2, 3, 4, 5, 6, 7, 8, 9, 10]];
Bagging_1_f;[ 0.          0.65142857  0.63      ];0.640476190476;[[0] [2, 3, 4, 5, 6, 7, 8, 9, 10, 11]];
Bagging_1_f;[ 0.          0.65857143  0.35714286];0.657142857143;[[0] [2, 3, 4, 5, 6, 7, 8, 9, 10, 11, 12]];
Bagging_1_f;[ 0.    0.69  0.  ];0.688888888889;[[0] [2, 3, 4, 5, 6, 7, 8, 9, 10, 11, 12, 13]];
Bagging_1_f;[ 0.          0.72857143  0.        ];0.728571428571;[[0] [2, 3, 4, 5, 6, 7, 8, 9, 10, 11, 12, 13, 14]];
Bagging_1_f;[ 0.     0.755  0.   ];0.755555555556;[[0] [2, 3, 4, 5, 6, 7, 8, 9, 10, 11, 12, 13, 14, 15]];
Bagging_1_f;[ 0.74142857  0.56428571  0.77428571];0.72380952381;[[0, 1] [3, 4, 5]];
Bagging_1_f;[ 0.75142857  0.51142857  0.77428571];0.695238095238;[[0, 1] [3, 4, 5, 6]];
Bagging_1_f;[ 0.79857143  0.52285714  0.71142857];0.647619047619;[[0, 1] [3, 4, 5, 6, 7]];
Bagging_1_f;[ 0.71428571  0.52428571  0.71142857];0.638095238095;[[0, 1] [3, 4, 5, 6, 7, 8]];
Bagging_1_f;[ 0.78571429  0.57        0.66714286];0.609523809524;[[0, 1] [3, 4, 5, 6, 7, 8, 9]];
Bagging_1_f;[ 0.72571429  0.59714286  0.74714286];0.645238095238;[[0, 1] [3, 4, 5, 6, 7, 8, 9, 10]];
Bagging_1_f;[ 0.68142857  0.59714286  0.56142857];0.590476190476;[[0, 1] [3, 4, 5, 6, 7, 8, 9, 10, 11]];
Bagging_1_f;[ 0.84571429  0.61285714  0.21428571];0.616666666667;[[0, 1] [3, 4, 5, 6, 7, 8, 9, 10, 11, 12]];
Bagging_1_f;[ 0.68571429  0.62        0.        ];0.62380952381;[[0, 1] [3, 4, 5, 6, 7, 8, 9, 10, 11, 12, 13]];
Bagging_1_f;[ 0.73857143  0.65571429  0.        ];0.659523809524;[[0, 1] [3, 4, 5, 6, 7, 8, 9, 10, 11, 12, 13, 14]];
Bagging_1_f;[ 0.87142857  0.70142857  0.        ];0.704761904762;[[0, 1] [3, 4, 5, 6, 7, 8, 9, 10, 11, 12, 13, 14, 15]];
Bagging_1_f;[ 0.64571429  0.          0.76      ];0.728571428571;[[0, 1, 2] [4, 5, 6]];
Bagging_1_f;[ 0.53        0.07142857  0.70857143];0.628571428571;[[0, 1, 2] [4, 5, 6, 7]];
Bagging_1_f;[ 0.56142857  0.43714286  0.66714286];0.616666666667;[[0, 1, 2] [4, 5, 6, 7, 8]];
Bagging_1_f;[ 0.61571429  0.45        0.61      ];0.566666666667;[[0, 1, 2] [4, 5, 6, 7, 8, 9]];
Bagging_1_f;[ 0.57285714  0.54285714  0.66857143];0.585714285714;[[0, 1, 2] [4, 5, 6, 7, 8, 9, 10]];
Bagging_1_f;[ 0.58428571  0.59857143  0.62428571];0.597619047619;[[0, 1, 2] [4, 5, 6, 7, 8, 9, 10, 11]];
Bagging_1_f;[ 0.60714286  0.59        0.5       ];0.592857142857;[[0, 1, 2] [4, 5, 6, 7, 8, 9, 10, 11, 12]];
Bagging_1_f;[ 0.60571429  0.60714286  0.        ];0.609523809524;[[0, 1, 2] [4, 5, 6, 7, 8, 9, 10, 11, 12, 13]];
Bagging_1_f;[ 0.65        0.66142857  0.        ];0.657142857143;[[0, 1, 2] [4, 5, 6, 7, 8, 9, 10, 11, 12, 13, 14]];
Bagging_1_f;[ 0.62285714  0.71857143  0.        ];0.690476190476;[[0, 1, 2] [4, 5, 6, 7, 8, 9, 10, 11, 12, 13, 14, 15]];
Bagging_1_f;[ 0.71428571  0.          0.71571429];0.714285714286;[[0, 1, 2, 3] [5, 6, 7]];
Bagging_1_f;[ 0.75        0.          0.67285714];0.697619047619;[[0, 1, 2, 3] [5, 6, 7, 8]];
Bagging_1_f;[ 0.69714286  0.31857143  0.61857143];0.628571428571;[[0, 1, 2, 3] [5, 6, 7, 8, 9]];
Bagging_1_f;[ 0.73714286  0.52285714  0.67571429];0.652380952381;[[0, 1, 2, 3] [5, 6, 7, 8, 9, 10]];
Bagging_1_f;[ 0.71714286  0.55857143  0.61571429];0.633333333333;[[0, 1, 2, 3] [5, 6, 7, 8, 9, 10, 11]];
Bagging_1_f;[ 0.73285714  0.61285714  0.68142857];0.661904761905;[[0, 1, 2, 3] [5, 6, 7, 8, 9, 10, 11, 12]];
Bagging_1_f;[ 0.71857143  0.63857143  0.        ];0.666666666667;[[0, 1, 2, 3] [5, 6, 7, 8, 9, 10, 11, 12, 13]];
Bagging_1_f;[ 0.72428571  0.67571429  0.        ];0.690476190476;[[0, 1, 2, 3] [5, 6, 7, 8, 9, 10, 11, 12, 13, 14]];
Bagging_1_f;[ 0.73142857  0.72571429  0.        ];0.728571428571;[[0, 1, 2, 3] [5, 6, 7, 8, 9, 10, 11, 12, 13, 14, 15]];
Bagging_1_f;[ 0.79        0.          0.69571429];0.735714285714;[[0, 1, 2, 3, 4] [6, 7, 8]];
Bagging_1_f;[ 0.79571429  0.14285714  0.59571429];0.67380952381;[[0, 1, 2, 3, 4] [6, 7, 8, 9]];
Bagging_1_f;[ 0.79142857  0.44714286  0.61142857];0.65;[[0, 1, 2, 3, 4] [6, 7, 8, 9, 10]];
Bagging_1_f;[ 0.78571429  0.53        0.61428571];0.666666666667;[[0, 1, 2, 3, 4] [6, 7, 8, 9, 10, 11]];
Bagging_1_f;[ 0.79714286  0.55714286  0.64714286];0.661904761905;[[0, 1, 2, 3, 4] [6, 7, 8, 9, 10, 11, 12]];
Bagging_1_f;[ 0.79142857  0.62285714  0.14285714];0.692857142857;[[0, 1, 2, 3, 4] [6, 7, 8, 9, 10, 11, 12, 13]];
Bagging_1_f;[ 0.81714286  0.64857143  0.        ];0.714285714286;[[0, 1, 2, 3, 4] [6, 7, 8, 9, 10, 11, 12, 13, 14]];
Bagging_1_f;[ 0.79857143  0.70857143  0.        ];0.747619047619;[[0, 1, 2, 3, 4] [6, 7, 8, 9, 10, 11, 12, 13, 14, 15]];
Bagging_1_f;[ 0.84285714  0.          0.62428571];0.730952380952;[[0, 1, 2, 3, 4, 5] [7, 8, 9]];
Bagging_1_f;[ 0.81857143  0.26142857  0.60285714];0.7;[[0, 1, 2, 3, 4, 5] [7, 8, 9, 10]];
Bagging_1_f;[ 0.80714286  0.56        0.60571429];0.695238095238;[[0, 1, 2, 3, 4, 5] [7, 8, 9, 10, 11]];
Bagging_1_f;[ 0.81714286  0.52285714  0.59428571];0.680952380952;[[0, 1, 2, 3, 4, 5] [7, 8, 9, 10, 11, 12]];
Bagging_1_f;[ 0.84714286  0.53428571  0.38714286];0.678571428571;[[0, 1, 2, 3, 4, 5] [7, 8, 9, 10, 11, 12, 13]];
Bagging_1_f;[ 0.85285714  0.58571429  0.        ];0.704761904762;[[0, 1, 2, 3, 4, 5] [7, 8, 9, 10, 11, 12, 13, 14]];
Bagging_1_f;[ 0.89142857  0.65428571  0.        ];0.757142857143;[[0, 1, 2, 3, 4, 5] [7, 8, 9, 10, 11, 12, 13, 14, 15]];
Bagging_1_f;[ 0.80857143  0.          0.62857143];0.72380952381;[[0, 1, 2, 3, 4, 5, 6] [8, 9, 10]];
Bagging_1_f;[ 0.80857143  0.42857143  0.54      ];0.690476190476;[[0, 1, 2, 3, 4, 5, 6] [8, 9, 10, 11]];
Bagging_1_f;[ 0.79714286  0.36857143  0.52857143];0.647619047619;[[0, 1, 2, 3, 4, 5, 6] [8, 9, 10, 11, 12]];
Bagging_1_f;[ 0.81142857  0.46857143  0.52571429];0.647619047619;[[0, 1, 2, 3, 4, 5, 6] [8, 9, 10, 11, 12, 13]];
Bagging_1_f;[ 0.84285714  0.55        0.14285714];0.707142857143;[[0, 1, 2, 3, 4, 5, 6] [8, 9, 10, 11, 12, 13, 14]];
Bagging_1_f;[ 0.83142857  0.56571429  0.        ];0.7;[[0, 1, 2, 3, 4, 5, 6] [8, 9, 10, 11, 12, 13, 14, 15]];
Bagging_1_f;[ 0.76428571  0.          0.61      ];0.711904761905;[[0, 1, 2, 3, 4, 5, 6, 7] [9, 10, 11]];
Bagging_1_f;[ 0.73        0.25428571  0.54285714];0.669047619048;[[0, 1, 2, 3, 4, 5, 6, 7] [9, 10, 11, 12]];
Bagging_1_f;[ 0.76857143  0.49285714  0.49428571];0.669047619048;[[0, 1, 2, 3, 4, 5, 6, 7] [9, 10, 11, 12, 13]];
Bagging_1_f;[ 0.78714286  0.45142857  0.53857143];0.657142857143;[[0, 1, 2, 3, 4, 5, 6, 7] [9, 10, 11, 12, 13, 14]];
Bagging_1_f;[ 0.82857143  0.51285714  0.        ];0.697619047619;[[0, 1, 2, 3, 4, 5, 6, 7] [9, 10, 11, 12, 13, 14, 15]];
Bagging_1_f;[ 0.76428571  0.          0.53285714];0.702380952381;[[0, 1, 2, 3, 4, 5, 6, 7, 8] [10, 11, 12]];
Bagging_1_f;[ 0.77142857  0.14285714  0.47      ];0.690476190476;[[0, 1, 2, 3, 4, 5, 6, 7, 8] [10, 11, 12, 13]];
Bagging_1_f;[ 0.75714286  0.51285714  0.53571429];0.67619047619;[[0, 1, 2, 3, 4, 5, 6, 7, 8] [10, 11, 12, 13, 14]];
Bagging_1_f;[ 0.77857143  0.48        0.        ];0.7;[[0, 1, 2, 3, 4, 5, 6, 7, 8] [10, 11, 12, 13, 14, 15]];
Bagging_5_f;[ 0.          0.61285714  0.82      ];0.747619047619;[[0] [2, 3, 4]];
Bagging_5_f;[ 0.          0.65428571  0.83      ];0.757142857143;[[0] [2, 3, 4, 5]];
Bagging_5_f;[ 0.          0.69428571  0.80571429];0.757142857143;[[0] [2, 3, 4, 5, 6]];
Bagging_5_f;[ 0.    0.67  0.72];0.690476190476;[[0] [2, 3, 4, 5, 6, 7]];
Bagging_5_f;[ 0.          0.71142857  0.71857143];0.707142857143;[[0] [2, 3, 4, 5, 6, 7, 8]];
Bagging_5_f;[ 0.          0.73571429  0.68571429];0.707142857143;[[0] [2, 3, 4, 5, 6, 7, 8, 9]];
Bagging_5_f;[ 0.          0.72571429  0.68428571];0.695238095238;[[0] [2, 3, 4, 5, 6, 7, 8, 9, 10]];
Bagging_5_f;[ 0.          0.74571429  0.62142857];0.7;[[0] [2, 3, 4, 5, 6, 7, 8, 9, 10, 11]];
Bagging_5_f;[ 0.          0.78428571  0.56285714];0.72619047619;[[0] [2, 3, 4, 5, 6, 7, 8, 9, 10, 11, 12]];
Bagging_5_f;[ 0.14285714  0.78285714  0.55857143];0.735714285714;[[0] [2, 3, 4, 5, 6, 7, 8, 9, 10, 11, 12, 13]];
Bagging_5_f;[ 0.14285714  0.80285714  0.64      ];0.77619047619;[[0] [2, 3, 4, 5, 6, 7, 8, 9, 10, 11, 12, 13, 14]];
Bagging_5_f;[ 0.          0.81714286  0.44428571];0.771428571429;[[0] [2, 3, 4, 5, 6, 7, 8, 9, 10, 11, 12, 13, 14, 15]];
Bagging_5_f;[ 0.68571429  0.48142857  0.80714286];0.719047619048;[[0, 1] [3, 4, 5]];
Bagging_5_f;[ 0.67142857  0.50571429  0.77142857];0.692857142857;[[0, 1] [3, 4, 5, 6]];
Bagging_5_f;[ 0.73714286  0.57428571  0.77285714];0.692857142857;[[0, 1] [3, 4, 5, 6, 7]];
Bagging_5_f;[ 0.68857143  0.58        0.75428571];0.680952380952;[[0, 1] [3, 4, 5, 6, 7, 8]];
Bagging_5_f;[ 0.77142857  0.63        0.69285714];0.664285714286;[[0, 1] [3, 4, 5, 6, 7, 8, 9]];
Bagging_5_f;[ 0.68285714  0.63285714  0.61142857];0.630952380952;[[0, 1] [3, 4, 5, 6, 7, 8, 9, 10]];
Bagging_5_f;[ 0.68571429  0.66571429  0.55428571];0.640476190476;[[0, 1] [3, 4, 5, 6, 7, 8, 9, 10, 11]];
Bagging_5_f;[ 0.70857143  0.70857143  0.57571429];0.683333333333;[[0, 1] [3, 4, 5, 6, 7, 8, 9, 10, 11, 12]];
Bagging_5_f;[ 0.74714286  0.68428571  0.48285714];0.664285714286;[[0, 1] [3, 4, 5, 6, 7, 8, 9, 10, 11, 12, 13]];
Bagging_5_f;[ 0.76571429  0.74142857  0.46714286];0.721428571429;[[0, 1] [3, 4, 5, 6, 7, 8, 9, 10, 11, 12, 13, 14]];
Bagging_5_f;[ 0.71428571  0.76571429  0.19      ];0.735714285714;[[0, 1] [3, 4, 5, 6, 7, 8, 9, 10, 11, 12, 13, 14, 15]];
Bagging_5_f;[ 0.63428571  0.42714286  0.76571429];0.709523809524;[[0, 1, 2] [4, 5, 6]];
Bagging_5_f;[ 0.64142857  0.39714286  0.71428571];0.652380952381;[[0, 1, 2] [4, 5, 6, 7]];
Bagging_5_f;[ 0.61285714  0.38285714  0.63857143];0.580952380952;[[0, 1, 2] [4, 5, 6, 7, 8]];
Bagging_5_f;[ 0.65285714  0.52571429  0.63285714];0.602380952381;[[0, 1, 2] [4, 5, 6, 7, 8, 9]];
Bagging_5_f;[ 0.64        0.51571429  0.57571429];0.564285714286;[[0, 1, 2] [4, 5, 6, 7, 8, 9, 10]];
Bagging_5_f;[ 0.65142857  0.58142857  0.53428571];0.588095238095;[[0, 1, 2] [4, 5, 6, 7, 8, 9, 10, 11]];
Bagging_5_f;[ 0.64428571  0.66571429  0.61285714];0.645238095238;[[0, 1, 2] [4, 5, 6, 7, 8, 9, 10, 11, 12]];
Bagging_5_f;[ 0.64571429  0.66285714  0.46428571];0.633333333333;[[0, 1, 2] [4, 5, 6, 7, 8, 9, 10, 11, 12, 13]];
Bagging_5_f;[ 0.62428571  0.68857143  0.37857143];0.654761904762;[[0, 1, 2] [4, 5, 6, 7, 8, 9, 10, 11, 12, 13, 14]];
Bagging_5_f;[ 0.64714286  0.69571429  0.09428571];0.652380952381;[[0, 1, 2] [4, 5, 6, 7, 8, 9, 10, 11, 12, 13, 14, 15]];
Bagging_5_f;[ 0.71571429  0.24714286  0.76      ];0.719047619048;[[0, 1, 2, 3] [5, 6, 7]];
Bagging_5_f;[ 0.71142857  0.18428571  0.68428571];0.659523809524;[[0, 1, 2, 3] [5, 6, 7, 8]];
Bagging_5_f;[ 0.71428571  0.49142857  0.68428571];0.661904761905;[[0, 1, 2, 3] [5, 6, 7, 8, 9]];
Bagging_5_f;[ 0.69857143  0.52714286  0.68571429];0.630952380952;[[0, 1, 2, 3] [5, 6, 7, 8, 9, 10]];
Bagging_5_f;[ 0.72857143  0.57857143  0.60714286];0.638095238095;[[0, 1, 2, 3] [5, 6, 7, 8, 9, 10, 11]];
Bagging_5_f;[ 0.73        0.63142857  0.58142857];0.654761904762;[[0, 1, 2, 3] [5, 6, 7, 8, 9, 10, 11, 12]];
Bagging_5_f;[ 0.71285714  0.69857143  0.55571429];0.688095238095;[[0, 1, 2, 3] [5, 6, 7, 8, 9, 10, 11, 12, 13]];
Bagging_5_f;[ 0.69142857  0.7         0.69428571];0.690476190476;[[0, 1, 2, 3] [5, 6, 7, 8, 9, 10, 11, 12, 13, 14]];
Bagging_5_f;[ 0.71        0.75571429  0.07142857];0.72619047619;[[0, 1, 2, 3] [5, 6, 7, 8, 9, 10, 11, 12, 13, 14, 15]];
Bagging_5_f;[ 0.78        0.21428571  0.73571429];0.735714285714;[[0, 1, 2, 3, 4] [6, 7, 8]];
Bagging_5_f;[ 0.80714286  0.41285714  0.71714286];0.714285714286;[[0, 1, 2, 3, 4] [6, 7, 8, 9]];
Bagging_5_f;[ 0.77142857  0.51714286  0.63428571];0.669047619048;[[0, 1, 2, 3, 4] [6, 7, 8, 9, 10]];
Bagging_5_f;[ 0.80714286  0.57857143  0.62857143];0.683333333333;[[0, 1, 2, 3, 4] [6, 7, 8, 9, 10, 11]];
Bagging_5_f;[ 0.78571429  0.62714286  0.60714286];0.697619047619;[[0, 1, 2, 3, 4] [6, 7, 8, 9, 10, 11, 12]];
Bagging_5_f;[ 0.80714286  0.64        0.41142857];0.7;[[0, 1, 2, 3, 4] [6, 7, 8, 9, 10, 11, 12, 13]];
Bagging_5_f;[ 0.79857143  0.67857143  0.62857143];0.72380952381;[[0, 1, 2, 3, 4] [6, 7, 8, 9, 10, 11, 12, 13, 14]];
Bagging_5_f;[ 0.8         0.71142857  0.14285714];0.745238095238;[[0, 1, 2, 3, 4] [6, 7, 8, 9, 10, 11, 12, 13, 14, 15]];
Bagging_5_f;[ 0.85142857  0.46        0.71142857];0.759523809524;[[0, 1, 2, 3, 4, 5] [7, 8, 9]];
Bagging_5_f;[ 0.84857143  0.48        0.69      ];0.730952380952;[[0, 1, 2, 3, 4, 5] [7, 8, 9, 10]];
Bagging_5_f;[ 0.83        0.56428571  0.63714286];0.707142857143;[[0, 1, 2, 3, 4, 5] [7, 8, 9, 10, 11]];
Bagging_5_f;[ 0.86857143  0.58714286  0.58714286];0.714285714286;[[0, 1, 2, 3, 4, 5] [7, 8, 9, 10, 11, 12]];
Bagging_5_f;[ 0.85142857  0.59142857  0.51714286];0.707142857143;[[0, 1, 2, 3, 4, 5] [7, 8, 9, 10, 11, 12, 13]];
Bagging_5_f;[ 0.87142857  0.63285714  0.48285714];0.733333333333;[[0, 1, 2, 3, 4, 5] [7, 8, 9, 10, 11, 12, 13, 14]];
Bagging_5_f;[ 0.88        0.67571429  0.40428571];0.759523809524;[[0, 1, 2, 3, 4, 5] [7, 8, 9, 10, 11, 12, 13, 14, 15]];
Bagging_5_f;[ 0.84571429  0.46857143  0.70428571];0.761904761905;[[0, 1, 2, 3, 4, 5, 6] [8, 9, 10]];
Bagging_5_f;[ 0.83285714  0.44428571  0.58571429];0.707142857143;[[0, 1, 2, 3, 4, 5, 6] [8, 9, 10, 11]];
Bagging_5_f;[ 0.84857143  0.59        0.63      ];0.716666666667;[[0, 1, 2, 3, 4, 5, 6] [8, 9, 10, 11, 12]];
Bagging_5_f;[ 0.84857143  0.50428571  0.52      ];0.680952380952;[[0, 1, 2, 3, 4, 5, 6] [8, 9, 10, 11, 12, 13]];
Bagging_5_f;[ 0.83857143  0.54142857  0.56428571];0.704761904762;[[0, 1, 2, 3, 4, 5, 6] [8, 9, 10, 11, 12, 13, 14]];
Bagging_5_f;[ 0.83142857  0.59142857  0.27428571];0.7;[[0, 1, 2, 3, 4, 5, 6] [8, 9, 10, 11, 12, 13, 14, 15]];
Bagging_5_f;[ 0.82428571  0.40428571  0.58714286];0.719047619048;[[0, 1, 2, 3, 4, 5, 6, 7] [9, 10, 11]];
Bagging_5_f;[ 0.84        0.42        0.59428571];0.714285714286;[[0, 1, 2, 3, 4, 5, 6, 7] [9, 10, 11, 12]];
Bagging_5_f;[ 0.82        0.48285714  0.49142857];0.680952380952;[[0, 1, 2, 3, 4, 5, 6, 7] [9, 10, 11, 12, 13]];
Bagging_5_f;[ 0.84        0.49714286  0.43857143];0.678571428571;[[0, 1, 2, 3, 4, 5, 6, 7] [9, 10, 11, 12, 13, 14]];
Bagging_5_f;[ 0.83714286  0.51        0.45285714];0.683333333333;[[0, 1, 2, 3, 4, 5, 6, 7] [9, 10, 11, 12, 13, 14, 15]];
Bagging_5_f;[ 0.83285714  0.29        0.50142857];0.702380952381;[[0, 1, 2, 3, 4, 5, 6, 7, 8] [10, 11, 12]];
Bagging_5_f;[ 0.81857143  0.35142857  0.47285714];0.692857142857;[[0, 1, 2, 3, 4, 5, 6, 7, 8] [10, 11, 12, 13]];
Bagging_5_f;[ 0.83        0.38142857  0.45857143];0.678571428571;[[0, 1, 2, 3, 4, 5, 6, 7, 8] [10, 11, 12, 13, 14]];
Bagging_5_f;[ 0.81        0.5         0.32571429];0.692857142857;[[0, 1, 2, 3, 4, 5, 6, 7, 8] [10, 11, 12, 13, 14, 15]];
Bagging_10_f;[ 0.03571429  0.62285714  0.84428571];0.77380952381;[[0] [2, 3, 4]];
Bagging_10_f;[ 0.          0.70571429  0.81857143];0.766666666667;[[0] [2, 3, 4, 5]];
Bagging_10_f;[ 0.          0.67285714  0.75      ];0.707142857143;[[0] [2, 3, 4, 5, 6]];
Bagging_10_f;[ 0.          0.725       0.75166667];0.730555555556;[[0] [2, 3, 4, 5, 6, 7]];
Bagging_10_f;[ 0.          0.69571429  0.7       ];0.690476190476;[[0] [2, 3, 4, 5, 6, 7, 8]];
Bagging_10_f;[ 0.          0.72        0.69142857];0.697619047619;[[0] [2, 3, 4, 5, 6, 7, 8, 9]];
Bagging_10_f;[ 0.          0.74714286  0.65428571];0.692857142857;[[0] [2, 3, 4, 5, 6, 7, 8, 9, 10]];
Bagging_10_f;[ 0.          0.715       0.55833333];0.65;[[0] [2, 3, 4, 5, 6, 7, 8, 9, 10, 11]];
Bagging_10_f;[ 0.          0.78428571  0.56285714];0.72380952381;[[0] [2, 3, 4, 5, 6, 7, 8, 9, 10, 11, 12]];
Bagging_10_f;[ 0.          0.79285714  0.50571429];0.72619047619;[[0] [2, 3, 4, 5, 6, 7, 8, 9, 10, 11, 12, 13]];
Bagging_10_f;[ 0.          0.81857143  0.61428571];0.77380952381;[[0] [2, 3, 4, 5, 6, 7, 8, 9, 10, 11, 12, 13, 14]];
Bagging_10_f;[ 0.04714286  0.82714286  0.46857143];0.771428571429;[[0] [2, 3, 4, 5, 6, 7, 8, 9, 10, 11, 12, 13, 14, 15]];
Bagging_10_f;[ 0.76285714  0.50571429  0.81142857];0.75;[[0, 1] [3, 4, 5]];
Bagging_10_f;[ 0.72714286  0.49714286  0.75571429];0.67380952381;[[0, 1] [3, 4, 5, 6]];
Bagging_10_f;[ 0.71714286  0.60142857  0.73714286];0.685714285714;[[0, 1] [3, 4, 5, 6, 7]];
Bagging_10_f;[ 0.67571429  0.55428571  0.69142857];0.628571428571;[[0, 1] [3, 4, 5, 6, 7, 8]];
Bagging_10_f;[ 0.74714286  0.58857143  0.69142857];0.642857142857;[[0, 1] [3, 4, 5, 6, 7, 8, 9]];
Bagging_10_f;[ 0.64857143  0.62571429  0.68857143];0.645238095238;[[0, 1] [3, 4, 5, 6, 7, 8, 9, 10]];
Bagging_10_f;[ 0.67142857  0.66714286  0.54857143];0.647619047619;[[0, 1] [3, 4, 5, 6, 7, 8, 9, 10, 11]];
Bagging_10_f;[ 0.71857143  0.69142857  0.49428571];0.661904761905;[[0, 1] [3, 4, 5, 6, 7, 8, 9, 10, 11, 12]];
Bagging_10_f;[ 0.70428571  0.73285714  0.52142857];0.697619047619;[[0, 1] [3, 4, 5, 6, 7, 8, 9, 10, 11, 12, 13]];
Bagging_10_f;[ 0.71142857  0.73571429  0.49714286];0.709523809524;[[0, 1] [3, 4, 5, 6, 7, 8, 9, 10, 11, 12, 13, 14]];
Bagging_10_f;[ 0.68714286  0.74857143  0.33285714];0.702380952381;[[0, 1] [3, 4, 5, 6, 7, 8, 9, 10, 11, 12, 13, 14, 15]];
Bagging_10_f;[ 0.62857143  0.50142857  0.77      ];0.709523809524;[[0, 1, 2] [4, 5, 6]];
Bagging_10_f;[ 0.59285714  0.33285714  0.70857143];0.638095238095;[[0, 1, 2] [4, 5, 6, 7]];
Bagging_10_f;[ 0.64285714  0.41142857  0.70142857];0.619047619048;[[0, 1, 2] [4, 5, 6, 7, 8]];
Bagging_10_f;[ 0.60571429  0.54428571  0.64285714];0.6;[[0, 1, 2] [4, 5, 6, 7, 8, 9]];
Bagging_10_f;[ 0.64142857  0.55571429  0.59      ];0.583333333333;[[0, 1, 2] [4, 5, 6, 7, 8, 9, 10]];
Bagging_10_f;[ 0.63571429  0.59714286  0.58285714];0.602380952381;[[0, 1, 2] [4, 5, 6, 7, 8, 9, 10, 11]];
Bagging_10_f;[ 0.61428571  0.62714286  0.58      ];0.614285714286;[[0, 1, 2] [4, 5, 6, 7, 8, 9, 10, 11, 12]];
Bagging_10_f;[ 0.61142857  0.67285714  0.46285714];0.621428571429;[[0, 1, 2] [4, 5, 6, 7, 8, 9, 10, 11, 12, 13]];
Bagging_10_f;[ 0.63857143  0.68428571  0.42714286];0.65;[[0, 1, 2] [4, 5, 6, 7, 8, 9, 10, 11, 12, 13, 14]];
Bagging_10_f;[ 0.62571429  0.70857143  0.17714286];0.654761904762;[[0, 1, 2] [4, 5, 6, 7, 8, 9, 10, 11, 12, 13, 14, 15]];
Bagging_10_f;[ 0.72        0.38142857  0.74142857];0.714285714286;[[0, 1, 2, 3] [5, 6, 7]];
Bagging_10_f;[ 0.7         0.29714286  0.73857143];0.669047619048;[[0, 1, 2, 3] [5, 6, 7, 8]];
Bagging_10_f;[ 0.70428571  0.43142857  0.64571429];0.62619047619;[[0, 1, 2, 3] [5, 6, 7, 8, 9]];
Bagging_10_f;[ 0.73285714  0.49428571  0.62142857];0.630952380952;[[0, 1, 2, 3] [5, 6, 7, 8, 9, 10]];
Bagging_10_f;[ 0.72285714  0.56428571  0.58714286];0.62619047619;[[0, 1, 2, 3] [5, 6, 7, 8, 9, 10, 11]];
Bagging_10_f;[ 0.71142857  0.64        0.55285714];0.654761904762;[[0, 1, 2, 3] [5, 6, 7, 8, 9, 10, 11, 12]];
Bagging_10_f;[ 0.73142857  0.66571429  0.49285714];0.671428571429;[[0, 1, 2, 3] [5, 6, 7, 8, 9, 10, 11, 12, 13]];
Bagging_10_f;[ 0.74714286  0.71857143  0.56857143];0.716666666667;[[0, 1, 2, 3] [5, 6, 7, 8, 9, 10, 11, 12, 13, 14]];
Bagging_10_f;[ 0.70857143  0.74857143  0.28571429];0.716666666667;[[0, 1, 2, 3] [5, 6, 7, 8, 9, 10, 11, 12, 13, 14, 15]];
Bagging_10_f;[ 0.81857143  0.24857143  0.73714286];0.747619047619;[[0, 1, 2, 3, 4] [6, 7, 8]];
Bagging_10_f;[ 0.81142857  0.52285714  0.72      ];0.719047619048;[[0, 1, 2, 3, 4] [6, 7, 8, 9]];
Bagging_10_f;[ 0.77857143  0.55857143  0.69      ];0.688095238095;[[0, 1, 2, 3, 4] [6, 7, 8, 9, 10]];
Bagging_10_f;[ 0.79857143  0.55571429  0.55714286];0.652380952381;[[0, 1, 2, 3, 4] [6, 7, 8, 9, 10, 11]];
Bagging_10_f;[ 0.79        0.62571429  0.47      ];0.67619047619;[[0, 1, 2, 3, 4] [6, 7, 8, 9, 10, 11, 12]];
Bagging_10_f;[ 0.78285714  0.66428571  0.59714286];0.704761904762;[[0, 1, 2, 3, 4] [6, 7, 8, 9, 10, 11, 12, 13]];
Bagging_10_f;[ 0.8         0.71285714  0.49428571];0.738095238095;[[0, 1, 2, 3, 4] [6, 7, 8, 9, 10, 11, 12, 13, 14]];
Bagging_10_f;[ 0.79285714  0.73        0.35714286];0.75;[[0, 1, 2, 3, 4] [6, 7, 8, 9, 10, 11, 12, 13, 14, 15]];
Bagging_10_f;[ 0.81857143  0.35285714  0.70714286];0.740476190476;[[0, 1, 2, 3, 4, 5] [7, 8, 9]];
Bagging_10_f;[ 0.85714286  0.5         0.69142857];0.738095238095;[[0, 1, 2, 3, 4, 5] [7, 8, 9, 10]];
Bagging_10_f;[ 0.84571429  0.53142857  0.63571429];0.711904761905;[[0, 1, 2, 3, 4, 5] [7, 8, 9, 10, 11]];
Bagging_10_f;[ 0.83142857  0.61        0.60571429];0.709523809524;[[0, 1, 2, 3, 4, 5] [7, 8, 9, 10, 11, 12]];
Bagging_10_f;[ 0.84857143  0.61428571  0.55142857];0.719047619048;[[0, 1, 2, 3, 4, 5] [7, 8, 9, 10, 11, 12, 13]];
Bagging_10_f;[ 0.84285714  0.66857143  0.61857143];0.730952380952;[[0, 1, 2, 3, 4, 5] [7, 8, 9, 10, 11, 12, 13, 14]];
Bagging_10_f;[ 0.86        0.65285714  0.32571429];0.730952380952;[[0, 1, 2, 3, 4, 5] [7, 8, 9, 10, 11, 12, 13, 14, 15]];
Bagging_10_f;[ 0.84571429  0.33714286  0.70142857];0.752380952381;[[0, 1, 2, 3, 4, 5, 6] [8, 9, 10]];
Bagging_10_f;[ 0.82857143  0.45142857  0.55571429];0.688095238095;[[0, 1, 2, 3, 4, 5, 6] [8, 9, 10, 11]];
Bagging_10_f;[ 0.83857143  0.54285714  0.64      ];0.719047619048;[[0, 1, 2, 3, 4, 5, 6] [8, 9, 10, 11, 12]];
Bagging_10_f;[ 0.85428571  0.48285714  0.44285714];0.669047619048;[[0, 1, 2, 3, 4, 5, 6] [8, 9, 10, 11, 12, 13]];
Bagging_10_f;[ 0.84857143  0.55285714  0.52285714];0.7;[[0, 1, 2, 3, 4, 5, 6] [8, 9, 10, 11, 12, 13, 14]];
Bagging_10_f;[ 0.84857143  0.58428571  0.42857143];0.709523809524;[[0, 1, 2, 3, 4, 5, 6] [8, 9, 10, 11, 12, 13, 14, 15]];
Bagging_10_f;[ 0.84428571  0.48142857  0.63      ];0.752380952381;[[0, 1, 2, 3, 4, 5, 6, 7] [9, 10, 11]];
Bagging_10_f;[ 0.83        0.39285714  0.57857143];0.704761904762;[[0, 1, 2, 3, 4, 5, 6, 7] [9, 10, 11, 12]];
Bagging_10_f;[ 0.85571429  0.42285714  0.46428571];0.67619047619;[[0, 1, 2, 3, 4, 5, 6, 7] [9, 10, 11, 12, 13]];
Bagging_10_f;[ 0.84285714  0.45285714  0.37285714];0.669047619048;[[0, 1, 2, 3, 4, 5, 6, 7] [9, 10, 11, 12, 13, 14]];
Bagging_10_f;[ 0.84428571  0.52        0.34      ];0.692857142857;[[0, 1, 2, 3, 4, 5, 6, 7] [9, 10, 11, 12, 13, 14, 15]];
Bagging_10_f;[ 0.83571429  0.22571429  0.55714286];0.728571428571;[[0, 1, 2, 3, 4, 5, 6, 7, 8] [10, 11, 12]];
Bagging_10_f;[ 0.83571429  0.30571429  0.45428571];0.695238095238;[[0, 1, 2, 3, 4, 5, 6, 7, 8] [10, 11, 12, 13]];
Bagging_10_f;[ 0.82142857  0.40142857  0.42714286];0.695238095238;[[0, 1, 2, 3, 4, 5, 6, 7, 8] [10, 11, 12, 13, 14]];
Bagging_10_f;[ 0.83285714  0.5         0.23      ];0.690476190476;[[0, 1, 2, 3, 4, 5, 6, 7, 8] [10, 11, 12, 13, 14, 15]];
Bagging_20_f;[ 0.          0.60714286  0.82857143];0.761904761905;[[0] [2, 3, 4]];
Bagging_20_f;[ 0.          0.675       0.82333333];0.758333333333;[[0] [2, 3, 4, 5]];
Bagging_20_f;[ 0.          0.72428571  0.79571429];0.745238095238;[[0] [2, 3, 4, 5, 6]];
Bagging_20_f;[ 0.          0.70714286  0.72714286];0.7;[[0] [2, 3, 4, 5, 6, 7]];
Bagging_20_f;[ 0.          0.72285714  0.74571429];0.72380952381;[[0] [2, 3, 4, 5, 6, 7, 8]];
Bagging_20_f;[ 0.          0.71571429  0.67428571];0.678571428571;[[0] [2, 3, 4, 5, 6, 7, 8, 9]];
Bagging_20_f;[ 0.          0.76        0.62571429];0.702380952381;[[0] [2, 3, 4, 5, 6, 7, 8, 9, 10]];
Bagging_20_f;[ 0.          0.76714286  0.63142857];0.714285714286;[[0] [2, 3, 4, 5, 6, 7, 8, 9, 10, 11]];
Bagging_20_f;[ 0.04714286  0.77714286  0.56714286];0.72380952381;[[0] [2, 3, 4, 5, 6, 7, 8, 9, 10, 11, 12]];
Bagging_20_f;[ 0.          0.77142857  0.50714286];0.709523809524;[[0] [2, 3, 4, 5, 6, 7, 8, 9, 10, 11, 12, 13]];
Bagging_20_f;[ 0.07142857  0.79571429  0.52714286];0.754761904762;[[0] [2, 3, 4, 5, 6, 7, 8, 9, 10, 11, 12, 13, 14]];
Bagging_20_f;[ 0.07142857  0.81571429  0.42714286];0.759523809524;[[0] [2, 3, 4, 5, 6, 7, 8, 9, 10, 11, 12, 13, 14, 15]];
Bagging_20_f;[ 0.67428571  0.44285714  0.80285714];0.716666666667;[[0, 1] [3, 4, 5]];
Bagging_20_f;[ 0.75285714  0.51571429  0.77      ];0.697619047619;[[0, 1] [3, 4, 5, 6]];
Bagging_20_f;[ 0.72714286  0.53857143  0.72428571];0.659523809524;[[0, 1] [3, 4, 5, 6, 7]];
Bagging_20_f;[ 0.70428571  0.57714286  0.68857143];0.640476190476;[[0, 1] [3, 4, 5, 6, 7, 8]];
Bagging_20_f;[ 0.75        0.59714286  0.65428571];0.628571428571;[[0, 1] [3, 4, 5, 6, 7, 8, 9]];
Bagging_20_f;[ 0.7         0.63857143  0.70142857];0.659523809524;[[0, 1] [3, 4, 5, 6, 7, 8, 9, 10]];
Bagging_20_f;[ 0.76142857  0.66714286  0.55571429];0.647619047619;[[0, 1] [3, 4, 5, 6, 7, 8, 9, 10, 11]];
Bagging_20_f;[ 0.70428571  0.67857143  0.52857143];0.657142857143;[[0, 1] [3, 4, 5, 6, 7, 8, 9, 10, 11, 12]];
Bagging_20_f;[ 0.68142857  0.71857143  0.51857143];0.678571428571;[[0, 1] [3, 4, 5, 6, 7, 8, 9, 10, 11, 12, 13]];
Bagging_20_f;[ 0.69        0.75714286  0.51142857];0.711904761905;[[0, 1] [3, 4, 5, 6, 7, 8, 9, 10, 11, 12, 13, 14]];
Bagging_20_f;[ 0.74857143  0.75285714  0.14857143];0.72619047619;[[0, 1] [3, 4, 5, 6, 7, 8, 9, 10, 11, 12, 13, 14, 15]];
Bagging_20_f;[ 0.54142857  0.38285714  0.77285714];0.678571428571;[[0, 1, 2] [4, 5, 6]];
Bagging_20_f;[ 0.61285714  0.37285714  0.70714286];0.62380952381;[[0, 1, 2] [4, 5, 6, 7]];
Bagging_20_f;[ 0.57714286  0.40285714  0.71285714];0.609523809524;[[0, 1, 2] [4, 5, 6, 7, 8]];
Bagging_20_f;[ 0.61714286  0.49714286  0.62428571];0.578571428571;[[0, 1, 2] [4, 5, 6, 7, 8, 9]];
Bagging_20_f;[ 0.67571429  0.52428571  0.66428571];0.597619047619;[[0, 1, 2] [4, 5, 6, 7, 8, 9, 10]];
Bagging_20_f;[ 0.64571429  0.58714286  0.62142857];0.6;[[0, 1, 2] [4, 5, 6, 7, 8, 9, 10, 11]];
Bagging_20_f;[ 0.61857143  0.63142857  0.5       ];0.604761904762;[[0, 1, 2] [4, 5, 6, 7, 8, 9, 10, 11, 12]];
Bagging_20_f;[ 0.62714286  0.65571429  0.46857143];0.611904761905;[[0, 1, 2] [4, 5, 6, 7, 8, 9, 10, 11, 12, 13]];
Bagging_20_f;[ 0.61        0.69571429  0.44428571];0.638095238095;[[0, 1, 2] [4, 5, 6, 7, 8, 9, 10, 11, 12, 13, 14]];
Bagging_20_f;[ 0.58428571  0.7         0.17142857];0.647619047619;[[0, 1, 2] [4, 5, 6, 7, 8, 9, 10, 11, 12, 13, 14, 15]];
Bagging_20_f;[ 0.72428571  0.34428571  0.74714286];0.709523809524;[[0, 1, 2, 3] [5, 6, 7]];
Bagging_20_f;[ 0.72571429  0.26571429  0.68428571];0.645238095238;[[0, 1, 2, 3] [5, 6, 7, 8]];
Bagging_20_f;[ 0.71428571  0.52857143  0.68      ];0.657142857143;[[0, 1, 2, 3] [5, 6, 7, 8, 9]];
Bagging_20_f;[ 0.70428571  0.48428571  0.64857143];0.619047619048;[[0, 1, 2, 3] [5, 6, 7, 8, 9, 10]];
Bagging_20_f;[ 0.73571429  0.57714286  0.57      ];0.630952380952;[[0, 1, 2, 3] [5, 6, 7, 8, 9, 10, 11]];
Bagging_20_f;[ 0.73142857  0.65142857  0.52857143];0.664285714286;[[0, 1, 2, 3] [5, 6, 7, 8, 9, 10, 11, 12]];
Bagging_20_f;[ 0.75571429  0.65714286  0.46142857];0.666666666667;[[0, 1, 2, 3] [5, 6, 7, 8, 9, 10, 11, 12, 13]];
Bagging_20_f;[ 0.73285714  0.70857143  0.51428571];0.704761904762;[[0, 1, 2, 3] [5, 6, 7, 8, 9, 10, 11, 12, 13, 14]];
Bagging_20_f;[ 0.72571429  0.73        0.19      ];0.704761904762;[[0, 1, 2, 3] [5, 6, 7, 8, 9, 10, 11, 12, 13, 14, 15]];
Bagging_20_f;[ 0.76571429  0.25571429  0.74      ];0.72380952381;[[0, 1, 2, 3, 4] [6, 7, 8]];
Bagging_20_f;[ 0.79        0.50285714  0.71      ];0.711904761905;[[0, 1, 2, 3, 4] [6, 7, 8, 9]];
Bagging_20_f;[ 0.76714286  0.49571429  0.66      ];0.669047619048;[[0, 1, 2, 3, 4] [6, 7, 8, 9, 10]];
Bagging_20_f;[ 0.78571429  0.56142857  0.59285714];0.666666666667;[[0, 1, 2, 3, 4] [6, 7, 8, 9, 10, 11]];
Bagging_20_f;[ 0.78285714  0.67142857  0.55      ];0.704761904762;[[0, 1, 2, 3, 4] [6, 7, 8, 9, 10, 11, 12]];
Bagging_20_f;[ 0.79        0.62857143  0.55428571];0.692857142857;[[0, 1, 2, 3, 4] [6, 7, 8, 9, 10, 11, 12, 13]];
Bagging_20_f;[ 0.81142857  0.73285714  0.56285714];0.75;[[0, 1, 2, 3, 4] [6, 7, 8, 9, 10, 11, 12, 13, 14]];
Bagging_20_f;[ 0.81142857  0.71142857  0.36857143];0.735714285714;[[0, 1, 2, 3, 4] [6, 7, 8, 9, 10, 11, 12, 13, 14, 15]];
Bagging_20_f;[ 0.84        0.40142857  0.71428571];0.745238095238;[[0, 1, 2, 3, 4, 5] [7, 8, 9]];
Bagging_20_f;[ 0.84571429  0.46142857  0.66      ];0.711904761905;[[0, 1, 2, 3, 4, 5] [7, 8, 9, 10]];
Bagging_20_f;[ 0.83714286  0.54        0.64285714];0.716666666667;[[0, 1, 2, 3, 4, 5] [7, 8, 9, 10, 11]];
Bagging_20_f;[ 0.84285714  0.61285714  0.65714286];0.735714285714;[[0, 1, 2, 3, 4, 5] [7, 8, 9, 10, 11, 12]];
Bagging_20_f;[ 0.84857143  0.59142857  0.54857143];0.695238095238;[[0, 1, 2, 3, 4, 5] [7, 8, 9, 10, 11, 12, 13]];
Bagging_20_f;[ 0.85857143  0.62571429  0.54142857];0.711904761905;[[0, 1, 2, 3, 4, 5] [7, 8, 9, 10, 11, 12, 13, 14]];
Bagging_20_f;[ 0.88        0.67142857  0.30857143];0.745238095238;[[0, 1, 2, 3, 4, 5] [7, 8, 9, 10, 11, 12, 13, 14, 15]];
Bagging_20_f;[ 0.81571429  0.44142857  0.67714286];0.72619047619;[[0, 1, 2, 3, 4, 5, 6] [8, 9, 10]];
Bagging_20_f;[ 0.84428571  0.51        0.63      ];0.72380952381;[[0, 1, 2, 3, 4, 5, 6] [8, 9, 10, 11]];
Bagging_20_f;[ 0.86285714  0.48571429  0.55428571];0.697619047619;[[0, 1, 2, 3, 4, 5, 6] [8, 9, 10, 11, 12]];
Bagging_20_f;[ 0.83285714  0.46857143  0.54285714];0.666666666667;[[0, 1, 2, 3, 4, 5, 6] [8, 9, 10, 11, 12, 13]];
Bagging_20_f;[ 0.83285714  0.51428571  0.49857143];0.669047619048;[[0, 1, 2, 3, 4, 5, 6] [8, 9, 10, 11, 12, 13, 14]];
Bagging_20_f;[ 0.85        0.56571429  0.46714286];0.697619047619;[[0, 1, 2, 3, 4, 5, 6] [8, 9, 10, 11, 12, 13, 14, 15]];
Bagging_20_f;[ 0.81        0.43571429  0.58285714];0.716666666667;[[0, 1, 2, 3, 4, 5, 6, 7] [9, 10, 11]];
Bagging_20_f;[ 0.86142857  0.40714286  0.62714286];0.72619047619;[[0, 1, 2, 3, 4, 5, 6, 7] [9, 10, 11, 12]];
Bagging_20_f;[ 0.84        0.47857143  0.50714286];0.690476190476;[[0, 1, 2, 3, 4, 5, 6, 7] [9, 10, 11, 12, 13]];
Bagging_20_f;[ 0.82714286  0.49571429  0.41857143];0.661904761905;[[0, 1, 2, 3, 4, 5, 6, 7] [9, 10, 11, 12, 13, 14]];
Bagging_20_f;[ 0.84        0.58571429  0.18857143];0.702380952381;[[0, 1, 2, 3, 4, 5, 6, 7] [9, 10, 11, 12, 13, 14, 15]];
Bagging_20_f;[ 0.84285714  0.30714286  0.50285714];0.716666666667;[[0, 1, 2, 3, 4, 5, 6, 7, 8] [10, 11, 12]];
Bagging_20_f;[ 0.83        0.27142857  0.45857143];0.678571428571;[[0, 1, 2, 3, 4, 5, 6, 7, 8] [10, 11, 12, 13]];
Bagging_20_f;[ 0.82142857  0.31571429  0.49285714];0.67619047619;[[0, 1, 2, 3, 4, 5, 6, 7, 8] [10, 11, 12, 13, 14]];
Bagging_20_f;[ 0.83571429  0.53142857  0.37285714];0.714285714286;[[0, 1, 2, 3, 4, 5, 6, 7, 8] [10, 11, 12, 13, 14, 15]];
Bagging_50_f;[ 0.          0.58142857  0.81285714];0.730952380952;[[0] [2, 3, 4]];
Bagging_50_f;[ 0.07142857  0.64714286  0.81714286];0.75;[[0] [2, 3, 4, 5]];
Bagging_50_f;[ 0.          0.68571429  0.76571429];0.719047619048;[[0] [2, 3, 4, 5, 6]];
Bagging_50_f;[ 0.          0.70142857  0.74142857];0.709523809524;[[0] [2, 3, 4, 5, 6, 7]];
Bagging_50_f;[ 0.     0.735  0.73 ];0.711111111111;[[0] [2, 3, 4, 5, 6, 7, 8]];
Bagging_50_f;[ 0.04714286  0.70857143  0.66571429];0.680952380952;[[0] [2, 3, 4, 5, 6, 7, 8, 9]];
Bagging_50_f;[ 0.07142857  0.75714286  0.62142857];0.704761904762;[[0] [2, 3, 4, 5, 6, 7, 8, 9, 10]];
Bagging_50_f;[ 0.          0.74142857  0.61428571];0.692857142857;[[0] [2, 3, 4, 5, 6, 7, 8, 9, 10, 11]];
Bagging_50_f;[ 0.04714286  0.74857143  0.53714286];0.688095238095;[[0] [2, 3, 4, 5, 6, 7, 8, 9, 10, 11, 12]];
Bagging_50_f;[ 0.07142857  0.8         0.51428571];0.730952380952;[[0] [2, 3, 4, 5, 6, 7, 8, 9, 10, 11, 12, 13]];
Bagging_50_f;[ 0.07142857  0.82142857  0.5       ];0.764285714286;[[0] [2, 3, 4, 5, 6, 7, 8, 9, 10, 11, 12, 13, 14]];
Bagging_50_f;[ 0.          0.81857143  0.33142857];0.761904761905;[[0] [2, 3, 4, 5, 6, 7, 8, 9, 10, 11, 12, 13, 14, 15]];
Bagging_50_f;[ 0.67        0.49428571  0.84      ];0.721428571429;[[0, 1] [3, 4, 5]];
Bagging_50_f;[ 0.71142857  0.44285714  0.77857143];0.678571428571;[[0, 1] [3, 4, 5, 6]];
Bagging_50_f;[ 0.70142857  0.57714286  0.78      ];0.692857142857;[[0, 1] [3, 4, 5, 6, 7]];
Bagging_50_f;[ 0.69142857  0.53714286  0.69      ];0.62619047619;[[0, 1] [3, 4, 5, 6, 7, 8]];
Bagging_50_f;[ 0.67142857  0.58285714  0.71142857];0.642857142857;[[0, 1] [3, 4, 5, 6, 7, 8, 9]];
Bagging_50_f;[ 0.63142857  0.61        0.66428571];0.633333333333;[[0, 1] [3, 4, 5, 6, 7, 8, 9, 10]];
Bagging_50_f;[ 0.71571429  0.64        0.58571429];0.619047619048;[[0, 1] [3, 4, 5, 6, 7, 8, 9, 10, 11]];
Bagging_50_f;[ 0.71857143  0.68428571  0.57      ];0.664285714286;[[0, 1] [3, 4, 5, 6, 7, 8, 9, 10, 11, 12]];
Bagging_50_f;[ 0.74        0.68428571  0.46714286];0.664285714286;[[0, 1] [3, 4, 5, 6, 7, 8, 9, 10, 11, 12, 13]];
Bagging_50_f;[ 0.77142857  0.74571429  0.50714286];0.72380952381;[[0, 1] [3, 4, 5, 6, 7, 8, 9, 10, 11, 12, 13, 14]];
Bagging_50_f;[ 0.63285714  0.75285714  0.08857143];0.697619047619;[[0, 1] [3, 4, 5, 6, 7, 8, 9, 10, 11, 12, 13, 14, 15]];
Bagging_50_f;[ 0.61428571  0.26857143  0.74      ];0.664285714286;[[0, 1, 2] [4, 5, 6]];
Bagging_50_f;[ 0.61714286  0.43857143  0.72571429];0.65;[[0, 1, 2] [4, 5, 6, 7]];
Bagging_50_f;[ 0.63285714  0.51428571  0.66714286];0.619047619048;[[0, 1, 2] [4, 5, 6, 7, 8]];
Bagging_50_f;[ 0.63142857  0.48571429  0.64571429];0.583333333333;[[0, 1, 2] [4, 5, 6, 7, 8, 9]];
Bagging_50_f;[ 0.59428571  0.54714286  0.60142857];0.578571428571;[[0, 1, 2] [4, 5, 6, 7, 8, 9, 10]];
Bagging_50_f;[ 0.60714286  0.57142857  0.54      ];0.566666666667;[[0, 1, 2] [4, 5, 6, 7, 8, 9, 10, 11]];
Bagging_50_f;[ 0.60428571  0.61142857  0.45428571];0.578571428571;[[0, 1, 2] [4, 5, 6, 7, 8, 9, 10, 11, 12]];
Bagging_50_f;[ 0.61428571  0.64428571  0.48428571];0.614285714286;[[0, 1, 2] [4, 5, 6, 7, 8, 9, 10, 11, 12, 13]];
Bagging_50_f;[ 0.65571429  0.70428571  0.41      ];0.654761904762;[[0, 1, 2] [4, 5, 6, 7, 8, 9, 10, 11, 12, 13, 14]];
Bagging_50_f;[ 0.61571429  0.72714286  0.20714286];0.65;[[0, 1, 2] [4, 5, 6, 7, 8, 9, 10, 11, 12, 13, 14, 15]];
Bagging_50_f;[ 0.72285714  0.39428571  0.75857143];0.716666666667;[[0, 1, 2, 3] [5, 6, 7]];
Bagging_50_f;[ 0.69        0.30142857  0.73      ];0.671428571429;[[0, 1, 2, 3] [5, 6, 7, 8]];
Bagging_50_f;[ 0.72571429  0.47        0.68857143];0.65;[[0, 1, 2, 3] [5, 6, 7, 8, 9]];
Bagging_50_f;[ 0.71714286  0.50714286  0.64142857];0.630952380952;[[0, 1, 2, 3] [5, 6, 7, 8, 9, 10]];
Bagging_50_f;[ 0.74428571  0.56285714  0.6       ];0.642857142857;[[0, 1, 2, 3] [5, 6, 7, 8, 9, 10, 11]];
Bagging_50_f;[ 0.74285714  0.62        0.56285714];0.647619047619;[[0, 1, 2, 3] [5, 6, 7, 8, 9, 10, 11, 12]];
Bagging_50_f;[ 0.72857143  0.68285714  0.45      ];0.664285714286;[[0, 1, 2, 3] [5, 6, 7, 8, 9, 10, 11, 12, 13]];
Bagging_50_f;[ 0.70571429  0.66571429  0.41571429];0.654761904762;[[0, 1, 2, 3] [5, 6, 7, 8, 9, 10, 11, 12, 13, 14]];
Bagging_50_f;[ 0.74        0.71571429  0.15285714];0.702380952381;[[0, 1, 2, 3] [5, 6, 7, 8, 9, 10, 11, 12, 13, 14, 15]];
Bagging_50_f;[ 0.78571429  0.19142857  0.73571429];0.714285714286;[[0, 1, 2, 3, 4] [6, 7, 8]];
Bagging_50_f;[ 0.77428571  0.45        0.68571429];0.688095238095;[[0, 1, 2, 3, 4] [6, 7, 8, 9]];
Bagging_50_f;[ 0.77428571  0.50714286  0.66714286];0.678571428571;[[0, 1, 2, 3, 4] [6, 7, 8, 9, 10]];
Bagging_50_f;[ 0.76714286  0.59428571  0.59571429];0.671428571429;[[0, 1, 2, 3, 4] [6, 7, 8, 9, 10, 11]];
Bagging_50_f;[ 0.79        0.63857143  0.59      ];0.692857142857;[[0, 1, 2, 3, 4] [6, 7, 8, 9, 10, 11, 12]];
Bagging_50_f;[ 0.79714286  0.66        0.50285714];0.690476190476;[[0, 1, 2, 3, 4] [6, 7, 8, 9, 10, 11, 12, 13]];
Bagging_50_f;[ 0.80428571  0.73571429  0.73285714];0.761904761905;[[0, 1, 2, 3, 4] [6, 7, 8, 9, 10, 11, 12, 13, 14]];
Bagging_50_f;[ 0.81428571  0.70571429  0.25      ];0.738095238095;[[0, 1, 2, 3, 4] [6, 7, 8, 9, 10, 11, 12, 13, 14, 15]];
Bagging_50_f;[ 0.83571429  0.34571429  0.69571429];0.733333333333;[[0, 1, 2, 3, 4, 5] [7, 8, 9]];
Bagging_50_f;[ 0.83        0.38857143  0.69      ];0.711904761905;[[0, 1, 2, 3, 4, 5] [7, 8, 9, 10]];
Bagging_50_f;[ 0.85714286  0.55285714  0.64857143];0.721428571429;[[0, 1, 2, 3, 4, 5] [7, 8, 9, 10, 11]];
Bagging_50_f;[ 0.87        0.59714286  0.59428571];0.72380952381;[[0, 1, 2, 3, 4, 5] [7, 8, 9, 10, 11, 12]];
Bagging_50_f;[ 0.84714286  0.56571429  0.46857143];0.685714285714;[[0, 1, 2, 3, 4, 5] [7, 8, 9, 10, 11, 12, 13]];
Bagging_50_f;[ 0.84857143  0.63285714  0.53571429];0.719047619048;[[0, 1, 2, 3, 4, 5] [7, 8, 9, 10, 11, 12, 13, 14]];
Bagging_50_f;[ 0.84714286  0.66142857  0.36285714];0.72380952381;[[0, 1, 2, 3, 4, 5] [7, 8, 9, 10, 11, 12, 13, 14, 15]];
Bagging_50_f;[ 0.83142857  0.30857143  0.65428571];0.728571428571;[[0, 1, 2, 3, 4, 5, 6] [8, 9, 10]];
Bagging_50_f;[ 0.84285714  0.44857143  0.60857143];0.707142857143;[[0, 1, 2, 3, 4, 5, 6] [8, 9, 10, 11]];
Bagging_50_f;[ 0.85428571  0.53285714  0.63571429];0.72380952381;[[0, 1, 2, 3, 4, 5, 6] [8, 9, 10, 11, 12]];
Bagging_50_f;[ 0.87285714  0.48857143  0.44428571];0.678571428571;[[0, 1, 2, 3, 4, 5, 6] [8, 9, 10, 11, 12, 13]];
Bagging_50_f;[ 0.83428571  0.59857143  0.54428571];0.714285714286;[[0, 1, 2, 3, 4, 5, 6] [8, 9, 10, 11, 12, 13, 14]];
Bagging_50_f;[ 0.84857143  0.57714286  0.42      ];0.7;[[0, 1, 2, 3, 4, 5, 6] [8, 9, 10, 11, 12, 13, 14, 15]];
Bagging_50_f;[ 0.84285714  0.45857143  0.61428571];0.738095238095;[[0, 1, 2, 3, 4, 5, 6, 7] [9, 10, 11]];
Bagging_50_f;[ 0.83142857  0.39714286  0.60142857];0.704761904762;[[0, 1, 2, 3, 4, 5, 6, 7] [9, 10, 11, 12]];
Bagging_50_f;[ 0.84857143  0.42142857  0.43571429];0.67619047619;[[0, 1, 2, 3, 4, 5, 6, 7] [9, 10, 11, 12, 13]];
Bagging_50_f;[ 0.83285714  0.47428571  0.45      ];0.664285714286;[[0, 1, 2, 3, 4, 5, 6, 7] [9, 10, 11, 12, 13, 14]];
Bagging_50_f;[ 0.84285714  0.53714286  0.28285714];0.692857142857;[[0, 1, 2, 3, 4, 5, 6, 7] [9, 10, 11, 12, 13, 14, 15]];
Bagging_50_f;[ 0.85571429  0.25714286  0.50142857];0.714285714286;[[0, 1, 2, 3, 4, 5, 6, 7, 8] [10, 11, 12]];
Bagging_50_f;[ 0.83285714  0.35142857  0.45142857];0.680952380952;[[0, 1, 2, 3, 4, 5, 6, 7, 8] [10, 11, 12, 13]];
Bagging_50_f;[ 0.83        0.35285714  0.42428571];0.669047619048;[[0, 1, 2, 3, 4, 5, 6, 7, 8] [10, 11, 12, 13, 14]];
Bagging_50_f;[ 0.82428571  0.51571429  0.40571429];0.697619047619;[[0, 1, 2, 3, 4, 5, 6, 7, 8] [10, 11, 12, 13, 14, 15]];
Bagging_200_f;[ 0.07142857  0.58285714  0.83      ];0.752380952381;[[0] [2, 3, 4]];
Bagging_200_f;[ 0.03571429  0.69714286  0.84      ];0.778571428571;[[0] [2, 3, 4, 5]];
Bagging_200_f;[ 0.04714286  0.69857143  0.78571429];0.738095238095;[[0] [2, 3, 4, 5, 6]];
Bagging_200_f;[ 0.          0.67857143  0.70857143];0.688095238095;[[0] [2, 3, 4, 5, 6, 7]];
Bagging_200_f;[ 0.          0.69833333  0.67      ];0.666666666667;[[0] [2, 3, 4, 5, 6, 7, 8]];
Bagging_200_f;[ 0.          0.70166667  0.63833333];0.661111111111;[[0] [2, 3, 4, 5, 6, 7, 8, 9]];
Bagging_200_f;[ 0.04714286  0.75428571  0.64285714];0.704761904762;[[0] [2, 3, 4, 5, 6, 7, 8, 9, 10]];
Bagging_200_f;[ 0.14285714  0.73428571  0.59857143];0.685714285714;[[0] [2, 3, 4, 5, 6, 7, 8, 9, 10, 11]];
Bagging_200_f;[ 0.14285714  0.77571429  0.56571429];0.709523809524;[[0] [2, 3, 4, 5, 6, 7, 8, 9, 10, 11, 12]];
Bagging_200_f;[ 0.          0.75666667  0.52833333];0.697222222222;[[0] [2, 3, 4, 5, 6, 7, 8, 9, 10, 11, 12, 13]];
Bagging_200_f;[ 0.14285714  0.82        0.52714286];0.77619047619;[[0] [2, 3, 4, 5, 6, 7, 8, 9, 10, 11, 12, 13, 14]];
Bagging_200_f;[ 0.14285714  0.82142857  0.36285714];0.754761904762;[[0] [2, 3, 4, 5, 6, 7, 8, 9, 10, 11, 12, 13, 14, 15]];
Bagging_200_f;[ 0.67714286  0.51428571  0.83857143];0.740476190476;[[0, 1] [3, 4, 5]];
Bagging_200_f;[ 0.64        0.46571429  0.76142857];0.661904761905;[[0, 1] [3, 4, 5, 6]];
Bagging_200_f;[ 0.69285714  0.56714286  0.72142857];0.657142857143;[[0, 1] [3, 4, 5, 6, 7]];
Bagging_200_f;[ 0.66        0.58571429  0.71857143];0.659523809524;[[0, 1] [3, 4, 5, 6, 7, 8]];
Bagging_200_f;[ 0.72142857  0.57857143  0.68285714];0.630952380952;[[0, 1] [3, 4, 5, 6, 7, 8, 9]];
Bagging_200_f;[ 0.72714286  0.61714286  0.63857143];0.630952380952;[[0, 1] [3, 4, 5, 6, 7, 8, 9, 10]];
Bagging_200_f;[ 0.63285714  0.62857143  0.57571429];0.611904761905;[[0, 1] [3, 4, 5, 6, 7, 8, 9, 10, 11]];
Bagging_200_f;[ 0.65857143  0.69857143  0.57285714];0.664285714286;[[0, 1] [3, 4, 5, 6, 7, 8, 9, 10, 11, 12]];
Bagging_200_f;[ 0.72571429  0.69571429  0.43428571];0.664285714286;[[0, 1] [3, 4, 5, 6, 7, 8, 9, 10, 11, 12, 13]];
Bagging_200_f;[ 0.70285714  0.73571429  0.41428571];0.702380952381;[[0, 1] [3, 4, 5, 6, 7, 8, 9, 10, 11, 12, 13, 14]];
Bagging_200_f;[ 0.62285714  0.76        0.22      ];0.709523809524;[[0, 1] [3, 4, 5, 6, 7, 8, 9, 10, 11, 12, 13, 14, 15]];
Bagging_200_f;[ 0.64857143  0.34714286  0.74285714];0.67380952381;[[0, 1, 2] [4, 5, 6]];
Bagging_200_f;[ 0.62285714  0.39142857  0.70714286];0.635714285714;[[0, 1, 2] [4, 5, 6, 7]];
Bagging_200_f;[ 0.64285714  0.41857143  0.66142857];0.595238095238;[[0, 1, 2] [4, 5, 6, 7, 8]];
Bagging_200_f;[ 0.58571429  0.54714286  0.63285714];0.585714285714;[[0, 1, 2] [4, 5, 6, 7, 8, 9]];
Bagging_200_f;[ 0.60142857  0.50714286  0.62      ];0.571428571429;[[0, 1, 2] [4, 5, 6, 7, 8, 9, 10]];
Bagging_200_f;[ 0.60142857  0.59571429  0.56285714];0.57619047619;[[0, 1, 2] [4, 5, 6, 7, 8, 9, 10, 11]];
Bagging_200_f;[ 0.62428571  0.62        0.60714286];0.611904761905;[[0, 1, 2] [4, 5, 6, 7, 8, 9, 10, 11, 12]];
Bagging_200_f;[ 0.65142857  0.62428571  0.39428571];0.6;[[0, 1, 2] [4, 5, 6, 7, 8, 9, 10, 11, 12, 13]];
Bagging_200_f;[ 0.61714286  0.69285714  0.32142857];0.62380952381;[[0, 1, 2] [4, 5, 6, 7, 8, 9, 10, 11, 12, 13, 14]];
Bagging_200_f;[ 0.61        0.70571429  0.20571429];0.633333333333;[[0, 1, 2] [4, 5, 6, 7, 8, 9, 10, 11, 12, 13, 14, 15]];
Bagging_200_f;[ 0.69857143  0.30428571  0.75714286];0.692857142857;[[0, 1, 2, 3] [5, 6, 7]];
Bagging_200_f;[ 0.69857143  0.25857143  0.71142857];0.647619047619;[[0, 1, 2, 3] [5, 6, 7, 8]];
Bagging_200_f;[ 0.71428571  0.46714286  0.67      ];0.638095238095;[[0, 1, 2, 3] [5, 6, 7, 8, 9]];
Bagging_200_f;[ 0.71857143  0.52428571  0.64142857];0.635714285714;[[0, 1, 2, 3] [5, 6, 7, 8, 9, 10]];
Bagging_200_f;[ 0.72285714  0.55714286  0.58285714];0.621428571429;[[0, 1, 2, 3] [5, 6, 7, 8, 9, 10, 11]];
Bagging_200_f;[ 0.73428571  0.58142857  0.47857143];0.619047619048;[[0, 1, 2, 3] [5, 6, 7, 8, 9, 10, 11, 12]];
Bagging_200_f;[ 0.72285714  0.67142857  0.47285714];0.666666666667;[[0, 1, 2, 3] [5, 6, 7, 8, 9, 10, 11, 12, 13]];
Bagging_200_f;[ 0.72571429  0.70285714  0.49428571];0.690476190476;[[0, 1, 2, 3] [5, 6, 7, 8, 9, 10, 11, 12, 13, 14]];
Bagging_200_f;[ 0.71142857  0.71857143  0.08285714];0.680952380952;[[0, 1, 2, 3] [5, 6, 7, 8, 9, 10, 11, 12, 13, 14, 15]];
Bagging_200_f;[ 0.78857143  0.37571429  0.73      ];0.721428571429;[[0, 1, 2, 3, 4] [6, 7, 8]];
Bagging_200_f;[ 0.77        0.42857143  0.72142857];0.680952380952;[[0, 1, 2, 3, 4] [6, 7, 8, 9]];
Bagging_200_f;[ 0.78        0.45571429  0.64142857];0.659523809524;[[0, 1, 2, 3, 4] [6, 7, 8, 9, 10]];
Bagging_200_f;[ 0.79714286  0.54571429  0.55285714];0.659523809524;[[0, 1, 2, 3, 4] [6, 7, 8, 9, 10, 11]];
Bagging_200_f;[ 0.80571429  0.64857143  0.61285714];0.711904761905;[[0, 1, 2, 3, 4] [6, 7, 8, 9, 10, 11, 12]];
Bagging_200_f;[ 0.76285714  0.64571429  0.52571429];0.680952380952;[[0, 1, 2, 3, 4] [6, 7, 8, 9, 10, 11, 12, 13]];
Bagging_200_f;[ 0.77571429  0.69428571  0.52428571];0.711904761905;[[0, 1, 2, 3, 4] [6, 7, 8, 9, 10, 11, 12, 13, 14]];
Bagging_200_f;[ 0.80714286  0.69857143  0.20142857];0.721428571429;[[0, 1, 2, 3, 4] [6, 7, 8, 9, 10, 11, 12, 13, 14, 15]];
Bagging_200_f;[ 0.83428571  0.44        0.71714286];0.742857142857;[[0, 1, 2, 3, 4, 5] [7, 8, 9]];
Bagging_200_f;[ 0.81142857  0.38571429  0.68571429];0.704761904762;[[0, 1, 2, 3, 4, 5] [7, 8, 9, 10]];
Bagging_200_f;[ 0.83571429  0.53428571  0.62428571];0.704761904762;[[0, 1, 2, 3, 4, 5] [7, 8, 9, 10, 11]];
Bagging_200_f;[ 0.85428571  0.59428571  0.63714286];0.716666666667;[[0, 1, 2, 3, 4, 5] [7, 8, 9, 10, 11, 12]];
Bagging_200_f;[ 0.83571429  0.60428571  0.54      ];0.704761904762;[[0, 1, 2, 3, 4, 5] [7, 8, 9, 10, 11, 12, 13]];
Bagging_200_f;[ 0.85285714  0.62428571  0.37285714];0.7;[[0, 1, 2, 3, 4, 5] [7, 8, 9, 10, 11, 12, 13, 14]];
Bagging_200_f;[ 0.85428571  0.63        0.21428571];0.714285714286;[[0, 1, 2, 3, 4, 5] [7, 8, 9, 10, 11, 12, 13, 14, 15]];
Bagging_200_f;[ 0.83714286  0.42428571  0.67428571];0.733333333333;[[0, 1, 2, 3, 4, 5, 6] [8, 9, 10]];
Bagging_200_f;[ 0.83285714  0.44428571  0.57428571];0.690476190476;[[0, 1, 2, 3, 4, 5, 6] [8, 9, 10, 11]];
Bagging_200_f;[ 0.83428571  0.44571429  0.56      ];0.669047619048;[[0, 1, 2, 3, 4, 5, 6] [8, 9, 10, 11, 12]];
Bagging_200_f;[ 0.87        0.50285714  0.50428571];0.685714285714;[[0, 1, 2, 3, 4, 5, 6] [8, 9, 10, 11, 12, 13]];
Bagging_200_f;[ 0.87857143  0.53714286  0.45428571];0.688095238095;[[0, 1, 2, 3, 4, 5, 6] [8, 9, 10, 11, 12, 13, 14]];
Bagging_200_f;[ 0.85142857  0.58428571  0.27285714];0.7;[[0, 1, 2, 3, 4, 5, 6] [8, 9, 10, 11, 12, 13, 14, 15]];
Bagging_200_f;[ 0.83142857  0.46571429  0.58571429];0.72619047619;[[0, 1, 2, 3, 4, 5, 6, 7] [9, 10, 11]];
Bagging_200_f;[ 0.84285714  0.39428571  0.58      ];0.7;[[0, 1, 2, 3, 4, 5, 6, 7] [9, 10, 11, 12]];
Bagging_200_f;[ 0.85428571  0.50428571  0.43142857];0.685714285714;[[0, 1, 2, 3, 4, 5, 6, 7] [9, 10, 11, 12, 13]];
Bagging_200_f;[ 0.87        0.46285714  0.4       ];0.683333333333;[[0, 1, 2, 3, 4, 5, 6, 7] [9, 10, 11, 12, 13, 14]];
Bagging_200_f;[ 0.84714286  0.52428571  0.42857143];0.695238095238;[[0, 1, 2, 3, 4, 5, 6, 7] [9, 10, 11, 12, 13, 14, 15]];
Bagging_200_f;[ 0.84285714  0.17714286  0.56571429];0.711904761905;[[0, 1, 2, 3, 4, 5, 6, 7, 8] [10, 11, 12]];
Bagging_200_f;[ 0.82714286  0.27857143  0.39428571];0.666666666667;[[0, 1, 2, 3, 4, 5, 6, 7, 8] [10, 11, 12, 13]];
Bagging_200_f;[ 0.83142857  0.38714286  0.40428571];0.67619047619;[[0, 1, 2, 3, 4, 5, 6, 7, 8] [10, 11, 12, 13, 14]];
Bagging_200_f;[ 0.82428571  0.5         0.36142857];0.688095238095;[[0, 1, 2, 3, 4, 5, 6, 7, 8] [10, 11, 12, 13, 14, 15]];
