RandomForest_1_f;[0.72580645161290325, 0.70860927152317876, 0.87956204379562042];[[0, 1], [2, 3, 4, 5]];
RandomForest_1_f;[0.7192982456140351, 0.6887417218543046, 0.87096774193548387];[[0, 1], [2, 3, 4, 5]];
RandomForest_5_f;[0.7192982456140351, 0.68711656441717794, 0.89138576779026213];[[0, 1], [2, 3, 4, 5]];
RandomForest_10_f;[0.72413793103448276, 0.69277108433734935, 0.90114068441064643];[[0, 1], [2, 3, 4, 5]];
RandomForest_20_f;[0.74576271186440679, 0.69565217391304346, 0.89513108614232206];[[0, 1], [2, 3, 4, 5]];
RandomForest_50_f;[0.72413793103448276, 0.67878787878787883, 0.89393939393939392];[[0, 1], [2, 3, 4, 5]];
RandomForest_200_f;[0.71186440677966101, 0.66666666666666663, 0.88345864661654139];[[0, 1], [2, 3, 4, 5]];
Bagging_1_f;[0.81818181818181823, 0.61764705882352944, 0.84745762711864403];[[0, 1], [2, 3, 4, 5]];
Bagging_5_f;[0.70370370370370372, 0.66878980891719741, 0.87681159420289856];[[0, 1], [2, 3, 4, 5]];
Bagging_10_f;[0.72413793103448276, 0.68553459119496851, 0.88518518518518519];[[0, 1], [2, 3, 4, 5]];
Bagging_20_f;[0.7321428571428571, 0.68098159509202449, 0.88805970149253732];[[0, 1], [2, 3, 4, 5]];
Bagging_50_f;[0.71186440677966101, 0.68292682926829273, 0.89393939393939392];[[0, 1], [2, 3, 4, 5]];
Bagging_200_f;[0.71186440677966101, 0.67500000000000004, 0.88432835820895528];[[0, 1], [2, 3, 4, 5]];
RandomForest_1_f;[0.78431372549019607, 0.73658536585365852, 0.79220779220779225];[[0, 1], [2, 3, 4, 5, 6, 7]];
RandomForest_1_f;[0.80476190476190479, 0.43661971830985913, 0.67961165048543692];[[0, 1, 2, 3, 4], [4, 6, 7, 8, 9]];
RandomForest_5_f;[0.75, 0.71634615384615385, 0.78923766816143492];[[0, 1], [2, 3, 4, 5, 6, 7]];
RandomForest_5_f;[0.8046511627906977, 0.45569620253164556, 0.70466321243523311];[[0, 1, 2, 3, 4], [4, 6, 7, 8, 9]];
RandomForest_10_f;[0.75, 0.73076923076923073, 0.80717488789237668];[[0, 1], [2, 3, 4, 5, 6, 7]];
RandomForest_10_f;[0.78504672897196259, 0.42499999999999999, 0.68911917098445596];[[0, 1, 2, 3, 4], [4, 6, 7, 8, 9]];
RandomForest_20_f;[0.7321428571428571, 0.71497584541062797, 0.7901785714285714];[[0, 1], [2, 3, 4, 5, 6, 7]];
RandomForest_20_f;[0.79629629629629628, 0.49382716049382713, 0.71578947368421053];[[0, 1, 2, 3, 4], [4, 6, 7, 8, 9]];
RandomForest_50_f;[0.7321428571428571, 0.70334928229665072, 0.7927927927927928];[[0, 1], [2, 3, 4, 5, 6, 7]];
RandomForest_50_f;[0.79166666666666663, 0.47674418604651164, 0.71351351351351355];[[0, 1, 2, 3, 4], [4, 6, 7, 8, 9]];
RandomForest_200_f;[0.68852459016393441, 0.70243902439024386, 0.79185520361990946];[[0, 1], [2, 3, 4, 5, 6, 7]];
RandomForest_200_f;[0.79166666666666663, 0.46590909090909088, 0.71584699453551914];[[0, 1, 2, 3, 4], [4, 6, 7, 8, 9]];
Bagging_1_f;[0.83333333333333337, 0.67452830188679247, 0.74708171206225682];[[0, 1], [2, 3, 4, 5, 6, 7]];
Bagging_1_f;[0.77777777777777779, 0.22222222222222221, 0.59541984732824427];[[0, 1, 2, 3, 4], [4, 6, 7, 8, 9]];
Bagging_5_f;[0.75, 0.71980676328502413, 0.78947368421052633];[[0, 1], [2, 3, 4, 5, 6, 7]];
Bagging_5_f;[0.80281690140845074, 0.45833333333333331, 0.68811881188118806];[[0, 1, 2, 3, 4], [4, 6, 7, 8, 9]];
Bagging_10_f;[0.75, 0.73170731707317072, 0.79646017699115046];[[0, 1], [2, 3, 4, 5, 6, 7]];
Bagging_10_f;[0.80373831775700932, 0.46153846153846156, 0.69230769230769229];[[0, 1, 2, 3, 4], [4, 6, 7, 8, 9]];
Bagging_20_f;[0.7407407407407407, 0.71359223300970875, 0.78854625550660795];[[0, 1], [2, 3, 4, 5, 6, 7]];
Bagging_20_f;[0.78899082568807344, 0.44871794871794873, 0.70157068062827221];[[0, 1, 2, 3, 4], [4, 6, 7, 8, 9]];
Bagging_50_f;[0.75471698113207553, 0.71563981042654023, 0.80269058295964124];[[0, 1], [2, 3, 4, 5, 6, 7]];
Bagging_50_f;[0.78538812785388123, 0.48148148148148145, 0.71122994652406413];[[0, 1, 2, 3, 4], [4, 6, 7, 8, 9]];
Bagging_200_f;[0.69491525423728817, 0.71782178217821779, 0.79646017699115046];[[0, 1], [2, 3, 4, 5, 6, 7]];
Bagging_200_f;[0.7844036697247706, 0.47674418604651164, 0.71584699453551914];[[0, 1, 2, 3, 4], [4, 6, 7, 8, 9]];
