RandomForest_1_f;[ 0.71857143  0.70285714  0.87714286];[[0, 1] [2, 3, 4, 5]];
RandomForest_1_f;[ 0.8         0.72142857  0.84142857];[[0, 1] [2, 3, 4, 5, 6]];
RandomForest_1_f;[ 0.81142857  0.72285714  0.77857143];[[0, 1] [2, 3, 4, 5, 6, 7]];
RandomForest_1_f;[ 0.78285714  0.71428571  0.76714286];[[0, 1] [2, 3, 4, 5, 6, 7, 8]];
RandomForest_1_f;[ 0.75857143  0.74571429  0.72571429];[[0, 1] [2, 3, 4, 5, 6, 7, 8, 9]];
RandomForest_1_f;[ 0.76        0.75857143  0.73571429];[[0, 1] [2, 3, 4, 5, 6, 7, 8, 9, 10]];
RandomForest_1_f;[ 0.75571429  0.75428571  0.58428571];[[0, 1] [2, 3, 4, 5, 6, 7, 8, 9, 10, 11]];
RandomForest_1_f;[ 0.82571429  0.79571429  0.66      ];[[0, 1] [2, 3, 4, 5, 6, 7, 8, 9, 10, 11, 12]];
RandomForest_1_f;[ 0.79857143  0.78285714  0.66714286];[[0, 1] [2, 3, 4, 5, 6, 7, 8, 9, 10, 11, 12, 13]];
RandomForest_1_f;[ 0.68        0.50285714  0.81857143];[[0, 1, 2] [3, 4, 5, 6]];
RandomForest_1_f;[ 0.73142857  0.58285714  0.75285714];[[0, 1, 2] [3, 4, 5, 6, 7]];
RandomForest_1_f;[ 0.66571429  0.60428571  0.75857143];[[0, 1, 2] [3, 4, 5, 6, 7, 8]];
RandomForest_1_f;[ 0.68428571  0.64285714  0.69714286];[[0, 1, 2] [3, 4, 5, 6, 7, 8, 9]];
RandomForest_1_f;[ 0.69428571  0.67285714  0.70857143];[[0, 1, 2] [3, 4, 5, 6, 7, 8, 9, 10]];
RandomForest_1_f;[ 0.69        0.68142857  0.64142857];[[0, 1, 2] [3, 4, 5, 6, 7, 8, 9, 10, 11]];
RandomForest_1_f;[ 0.73857143  0.70714286  0.60142857];[[0, 1, 2] [3, 4, 5, 6, 7, 8, 9, 10, 11, 12]];
RandomForest_1_f;[ 0.74714286  0.72428571  0.57142857];[[0, 1, 2] [3, 4, 5, 6, 7, 8, 9, 10, 11, 12, 13]];
RandomForest_1_f;[ 0.7         0.30714286  0.75285714];[[0, 1, 2, 3] [4, 5, 6, 7]];
RandomForest_1_f;[ 0.74285714  0.44142857  0.74857143];[[0, 1, 2, 3] [4, 5, 6, 7, 8]];
RandomForest_1_f;[ 0.75714286  0.51142857  0.67142857];[[0, 1, 2, 3] [4, 5, 6, 7, 8, 9]];
RandomForest_1_f;[ 0.73142857  0.56285714  0.70571429];[[0, 1, 2, 3] [4, 5, 6, 7, 8, 9, 10]];
RandomForest_1_f;[ 0.72142857  0.59        0.66285714];[[0, 1, 2, 3] [4, 5, 6, 7, 8, 9, 10, 11]];
RandomForest_1_f;[ 0.73285714  0.67142857  0.65428571];[[0, 1, 2, 3] [4, 5, 6, 7, 8, 9, 10, 11, 12]];
RandomForest_1_f;[ 0.73142857  0.71142857  0.46714286];[[0, 1, 2, 3] [4, 5, 6, 7, 8, 9, 10, 11, 12, 13]];
RandomForest_1_f;[ 0.80285714  0.23714286  0.70428571];[[0, 1, 2, 3, 4] [5, 6, 7, 8]];
RandomForest_1_f;[ 0.79571429  0.50571429  0.67714286];[[0, 1, 2, 3, 4] [5, 6, 7, 8, 9]];
RandomForest_1_f;[ 0.8         0.57571429  0.72428571];[[0, 1, 2, 3, 4] [5, 6, 7, 8, 9, 10]];
RandomForest_1_f;[ 0.79714286  0.63142857  0.65142857];[[0, 1, 2, 3, 4] [5, 6, 7, 8, 9, 10, 11]];
RandomForest_1_f;[ 0.81571429  0.64285714  0.60142857];[[0, 1, 2, 3, 4] [5, 6, 7, 8, 9, 10, 11, 12]];
RandomForest_1_f;[ 0.80428571  0.7         0.71142857];[[0, 1, 2, 3, 4] [5, 6, 7, 8, 9, 10, 11, 12, 13]];
RandomForest_1_f;[ 0.85714286  0.44571429  0.65714286];[[0, 1, 2, 3, 4, 5] [6, 7, 8, 9]];
RandomForest_1_f;[ 0.87714286  0.50857143  0.67285714];[[0, 1, 2, 3, 4, 5] [6, 7, 8, 9, 10]];
RandomForest_1_f;[ 0.84285714  0.59857143  0.64857143];[[0, 1, 2, 3, 4, 5] [6, 7, 8, 9, 10, 11]];
RandomForest_1_f;[ 0.86142857  0.62714286  0.60571429];[[0, 1, 2, 3, 4, 5] [6, 7, 8, 9, 10, 11, 12]];
RandomForest_1_f;[ 0.87        0.67142857  0.68      ];[[0, 1, 2, 3, 4, 5] [6, 7, 8, 9, 10, 11, 12, 13]];
RandomForest_1_f;[ 0.86285714  0.51857143  0.68285714];[[0, 1, 2, 3, 4, 5, 6] [7, 8, 9, 10]];
RandomForest_1_f;[ 0.86285714  0.54285714  0.65142857];[[0, 1, 2, 3, 4, 5, 6] [7, 8, 9, 10, 11]];
RandomForest_1_f;[ 0.85142857  0.59        0.64      ];[[0, 1, 2, 3, 4, 5, 6] [7, 8, 9, 10, 11, 12]];
RandomForest_1_f;[ 0.85571429  0.59        0.56428571];[[0, 1, 2, 3, 4, 5, 6] [7, 8, 9, 10, 11, 12, 13]];
RandomForest_1_f;[ 0.82        0.48        0.60571429];[[0, 1, 2, 3, 4, 5, 6, 7] [8, 9, 10, 11]];
RandomForest_1_f;[ 0.86857143  0.52714286  0.60142857];[[0, 1, 2, 3, 4, 5, 6, 7] [8, 9, 10, 11, 12]];
RandomForest_1_f;[ 0.84142857  0.49285714  0.49142857];[[0, 1, 2, 3, 4, 5, 6, 7] [8, 9, 10, 11, 12, 13]];
RandomForest_1_f;[ 0.83857143  0.49142857  0.52      ];[[0, 1, 2, 3, 4, 5, 6, 7, 8] [9, 10, 11, 12]];
RandomForest_1_f;[ 0.85285714  0.49428571  0.45285714];[[0, 1, 2, 3, 4, 5, 6, 7, 8] [9, 10, 11, 12, 13]];
RandomForest_5_f;[ 0.8         0.67857143  0.88714286];[[0, 1] [2, 3, 4, 5]];
RandomForest_5_f;[ 0.77857143  0.71        0.83142857];[[0, 1] [2, 3, 4, 5, 6]];
RandomForest_5_f;[ 0.73714286  0.74428571  0.79      ];[[0, 1] [2, 3, 4, 5, 6, 7]];
RandomForest_5_f;[ 0.78714286  0.75428571  0.79857143];[[0, 1] [2, 3, 4, 5, 6, 7, 8]];
RandomForest_5_f;[ 0.72714286  0.75        0.72285714];[[0, 1] [2, 3, 4, 5, 6, 7, 8, 9]];
RandomForest_5_f;[ 0.79285714  0.75142857  0.73428571];[[0, 1] [2, 3, 4, 5, 6, 7, 8, 9, 10]];
RandomForest_5_f;[ 0.73714286  0.78        0.68142857];[[0, 1] [2, 3, 4, 5, 6, 7, 8, 9, 10, 11]];
RandomForest_5_f;[ 0.76428571  0.80428571  0.67142857];[[0, 1] [2, 3, 4, 5, 6, 7, 8, 9, 10, 11, 12]];
RandomForest_5_f;[ 0.76571429  0.82714286  0.59142857];[[0, 1] [2, 3, 4, 5, 6, 7, 8, 9, 10, 11, 12, 13]];
RandomForest_5_f;[ 0.68714286  0.54285714  0.82      ];[[0, 1, 2] [3, 4, 5, 6]];
RandomForest_5_f;[ 0.67857143  0.55142857  0.74714286];[[0, 1, 2] [3, 4, 5, 6, 7]];
RandomForest_5_f;[ 0.69        0.60857143  0.79428571];[[0, 1, 2] [3, 4, 5, 6, 7, 8]];
RandomForest_5_f;[ 0.63285714  0.61714286  0.70285714];[[0, 1, 2] [3, 4, 5, 6, 7, 8, 9]];
RandomForest_5_f;[ 0.67714286  0.65285714  0.70285714];[[0, 1, 2] [3, 4, 5, 6, 7, 8, 9, 10]];
RandomForest_5_f;[ 0.69571429  0.72571429  0.63571429];[[0, 1, 2] [3, 4, 5, 6, 7, 8, 9, 10, 11]];
RandomForest_5_f;[ 0.70857143  0.69285714  0.64285714];[[0, 1, 2] [3, 4, 5, 6, 7, 8, 9, 10, 11, 12]];
RandomForest_5_f;[ 0.70142857  0.73142857  0.60142857];[[0, 1, 2] [3, 4, 5, 6, 7, 8, 9, 10, 11, 12, 13]];
RandomForest_5_f;[ 0.70428571  0.37        0.75142857];[[0, 1, 2, 3] [4, 5, 6, 7]];
RandomForest_5_f;[ 0.73285714  0.43142857  0.73428571];[[0, 1, 2, 3] [4, 5, 6, 7, 8]];
RandomForest_5_f;[ 0.70285714  0.52857143  0.73714286];[[0, 1, 2, 3] [4, 5, 6, 7, 8, 9]];
RandomForest_5_f;[ 0.73142857  0.53        0.67571429];[[0, 1, 2, 3] [4, 5, 6, 7, 8, 9, 10]];
RandomForest_5_f;[ 0.72142857  0.57714286  0.67714286];[[0, 1, 2, 3] [4, 5, 6, 7, 8, 9, 10, 11]];
RandomForest_5_f;[ 0.73571429  0.65571429  0.65571429];[[0, 1, 2, 3] [4, 5, 6, 7, 8, 9, 10, 11, 12]];
RandomForest_5_f;[ 0.70571429  0.68142857  0.52857143];[[0, 1, 2, 3] [4, 5, 6, 7, 8, 9, 10, 11, 12, 13]];
RandomForest_5_f;[ 0.79714286  0.34571429  0.74428571];[[0, 1, 2, 3, 4] [5, 6, 7, 8]];
RandomForest_5_f;[ 0.78714286  0.48428571  0.74      ];[[0, 1, 2, 3, 4] [5, 6, 7, 8, 9]];
RandomForest_5_f;[ 0.77714286  0.50428571  0.69142857];[[0, 1, 2, 3, 4] [5, 6, 7, 8, 9, 10]];
RandomForest_5_f;[ 0.79857143  0.58714286  0.64714286];[[0, 1, 2, 3, 4] [5, 6, 7, 8, 9, 10, 11]];
RandomForest_5_f;[ 0.78        0.62285714  0.57428571];[[0, 1, 2, 3, 4] [5, 6, 7, 8, 9, 10, 11, 12]];
RandomForest_5_f;[ 0.8         0.67857143  0.58857143];[[0, 1, 2, 3, 4] [5, 6, 7, 8, 9, 10, 11, 12, 13]];
RandomForest_5_f;[ 0.85571429  0.44428571  0.69142857];[[0, 1, 2, 3, 4, 5] [6, 7, 8, 9]];
RandomForest_5_f;[ 0.84142857  0.54428571  0.68714286];[[0, 1, 2, 3, 4, 5] [6, 7, 8, 9, 10]];
RandomForest_5_f;[ 0.85571429  0.61428571  0.68857143];[[0, 1, 2, 3, 4, 5] [6, 7, 8, 9, 10, 11]];
RandomForest_5_f;[ 0.87        0.61571429  0.62428571];[[0, 1, 2, 3, 4, 5] [6, 7, 8, 9, 10, 11, 12]];
RandomForest_5_f;[ 0.87428571  0.64571429  0.63142857];[[0, 1, 2, 3, 4, 5] [6, 7, 8, 9, 10, 11, 12, 13]];
RandomForest_5_f;[ 0.85142857  0.42142857  0.68428571];[[0, 1, 2, 3, 4, 5, 6] [7, 8, 9, 10]];
RandomForest_5_f;[ 0.83285714  0.49285714  0.6       ];[[0, 1, 2, 3, 4, 5, 6] [7, 8, 9, 10, 11]];
RandomForest_5_f;[ 0.87571429  0.58857143  0.62285714];[[0, 1, 2, 3, 4, 5, 6] [7, 8, 9, 10, 11, 12]];
RandomForest_5_f;[ 0.86        0.59571429  0.60142857];[[0, 1, 2, 3, 4, 5, 6] [7, 8, 9, 10, 11, 12, 13]];
RandomForest_5_f;[ 0.80285714  0.41857143  0.60285714];[[0, 1, 2, 3, 4, 5, 6, 7] [8, 9, 10, 11]];
RandomForest_5_f;[ 0.83714286  0.48714286  0.56285714];[[0, 1, 2, 3, 4, 5, 6, 7] [8, 9, 10, 11, 12]];
RandomForest_5_f;[ 0.84285714  0.52714286  0.52428571];[[0, 1, 2, 3, 4, 5, 6, 7] [8, 9, 10, 11, 12, 13]];
RandomForest_5_f;[ 0.85428571  0.42571429  0.57857143];[[0, 1, 2, 3, 4, 5, 6, 7, 8] [9, 10, 11, 12]];
RandomForest_5_f;[ 0.85        0.41428571  0.51142857];[[0, 1, 2, 3, 4, 5, 6, 7, 8] [9, 10, 11, 12, 13]];
RandomForest_10_f;[ 0.68428571  0.68285714  0.89285714];[[0, 1] [2, 3, 4, 5]];
RandomForest_10_f;[ 0.79        0.73285714  0.82142857];[[0, 1] [2, 3, 4, 5, 6]];
RandomForest_10_f;[ 0.73285714  0.68857143  0.8       ];[[0, 1] [2, 3, 4, 5, 6, 7]];
RandomForest_10_f;[ 0.75285714  0.74285714  0.76428571];[[0, 1] [2, 3, 4, 5, 6, 7, 8]];
RandomForest_10_f;[ 0.70428571  0.74        0.71571429];[[0, 1] [2, 3, 4, 5, 6, 7, 8, 9]];
RandomForest_10_f;[ 0.77285714  0.74428571  0.73428571];[[0, 1] [2, 3, 4, 5, 6, 7, 8, 9, 10]];
RandomForest_10_f;[ 0.75857143  0.76428571  0.67857143];[[0, 1] [2, 3, 4, 5, 6, 7, 8, 9, 10, 11]];
RandomForest_10_f;[ 0.77428571  0.79428571  0.63285714];[[0, 1] [2, 3, 4, 5, 6, 7, 8, 9, 10, 11, 12]];
RandomForest_10_f;[ 0.75142857  0.79285714  0.55      ];[[0, 1] [2, 3, 4, 5, 6, 7, 8, 9, 10, 11, 12, 13]];
RandomForest_10_f;[ 0.69142857  0.50714286  0.82428571];[[0, 1, 2] [3, 4, 5, 6]];
RandomForest_10_f;[ 0.69571429  0.53714286  0.78857143];[[0, 1, 2] [3, 4, 5, 6, 7]];
RandomForest_10_f;[ 0.66428571  0.60571429  0.76714286];[[0, 1, 2] [3, 4, 5, 6, 7, 8]];
RandomForest_10_f;[ 0.65        0.61285714  0.74285714];[[0, 1, 2] [3, 4, 5, 6, 7, 8, 9]];
RandomForest_10_f;[ 0.62571429  0.65142857  0.74285714];[[0, 1, 2] [3, 4, 5, 6, 7, 8, 9, 10]];
RandomForest_10_f;[ 0.67285714  0.70285714  0.68857143];[[0, 1, 2] [3, 4, 5, 6, 7, 8, 9, 10, 11]];
RandomForest_10_f;[ 0.68428571  0.70428571  0.61571429];[[0, 1, 2] [3, 4, 5, 6, 7, 8, 9, 10, 11, 12]];
RandomForest_10_f;[ 0.62857143  0.71142857  0.54      ];[[0, 1, 2] [3, 4, 5, 6, 7, 8, 9, 10, 11, 12, 13]];
RandomForest_10_f;[ 0.71285714  0.37857143  0.77714286];[[0, 1, 2, 3] [4, 5, 6, 7]];
RandomForest_10_f;[ 0.74428571  0.42857143  0.72857143];[[0, 1, 2, 3] [4, 5, 6, 7, 8]];
RandomForest_10_f;[ 0.68428571  0.51        0.72857143];[[0, 1, 2, 3] [4, 5, 6, 7, 8, 9]];
RandomForest_10_f;[ 0.69285714  0.56428571  0.71285714];[[0, 1, 2, 3] [4, 5, 6, 7, 8, 9, 10]];
RandomForest_10_f;[ 0.74571429  0.59142857  0.65      ];[[0, 1, 2, 3] [4, 5, 6, 7, 8, 9, 10, 11]];
RandomForest_10_f;[ 0.73714286  0.66142857  0.63714286];[[0, 1, 2, 3] [4, 5, 6, 7, 8, 9, 10, 11, 12]];
RandomForest_10_f;[ 0.73857143  0.64857143  0.58428571];[[0, 1, 2, 3] [4, 5, 6, 7, 8, 9, 10, 11, 12, 13]];
RandomForest_10_f;[ 0.79285714  0.24285714  0.75285714];[[0, 1, 2, 3, 4] [5, 6, 7, 8]];
RandomForest_10_f;[ 0.79        0.48857143  0.75857143];[[0, 1, 2, 3, 4] [5, 6, 7, 8, 9]];
RandomForest_10_f;[ 0.77428571  0.53285714  0.7       ];[[0, 1, 2, 3, 4] [5, 6, 7, 8, 9, 10]];
RandomForest_10_f;[ 0.79285714  0.58714286  0.63571429];[[0, 1, 2, 3, 4] [5, 6, 7, 8, 9, 10, 11]];
RandomForest_10_f;[ 0.79142857  0.63142857  0.57714286];[[0, 1, 2, 3, 4] [5, 6, 7, 8, 9, 10, 11, 12]];
RandomForest_10_f;[ 0.79571429  0.66142857  0.63857143];[[0, 1, 2, 3, 4] [5, 6, 7, 8, 9, 10, 11, 12, 13]];
RandomForest_10_f;[ 0.85857143  0.43857143  0.69285714];[[0, 1, 2, 3, 4, 5] [6, 7, 8, 9]];
RandomForest_10_f;[ 0.83142857  0.48857143  0.66714286];[[0, 1, 2, 3, 4, 5] [6, 7, 8, 9, 10]];
RandomForest_10_f;[ 0.85714286  0.59142857  0.64857143];[[0, 1, 2, 3, 4, 5] [6, 7, 8, 9, 10, 11]];
RandomForest_10_f;[ 0.84428571  0.67571429  0.63285714];[[0, 1, 2, 3, 4, 5] [6, 7, 8, 9, 10, 11, 12]];
RandomForest_10_f;[ 0.83285714  0.66285714  0.62857143];[[0, 1, 2, 3, 4, 5] [6, 7, 8, 9, 10, 11, 12, 13]];
RandomForest_10_f;[ 0.83571429  0.46142857  0.70571429];[[0, 1, 2, 3, 4, 5, 6] [7, 8, 9, 10]];
RandomForest_10_f;[ 0.83571429  0.53571429  0.63428571];[[0, 1, 2, 3, 4, 5, 6] [7, 8, 9, 10, 11]];
RandomForest_10_f;[ 0.86714286  0.56        0.58142857];[[0, 1, 2, 3, 4, 5, 6] [7, 8, 9, 10, 11, 12]];
RandomForest_10_f;[ 0.85428571  0.6         0.43428571];[[0, 1, 2, 3, 4, 5, 6] [7, 8, 9, 10, 11, 12, 13]];
RandomForest_10_f;[ 0.84142857  0.38428571  0.59285714];[[0, 1, 2, 3, 4, 5, 6, 7] [8, 9, 10, 11]];
RandomForest_10_f;[ 0.83714286  0.48714286  0.54      ];[[0, 1, 2, 3, 4, 5, 6, 7] [8, 9, 10, 11, 12]];
RandomForest_10_f;[ 0.85285714  0.50428571  0.49857143];[[0, 1, 2, 3, 4, 5, 6, 7] [8, 9, 10, 11, 12, 13]];
RandomForest_10_f;[ 0.83142857  0.49428571  0.59714286];[[0, 1, 2, 3, 4, 5, 6, 7, 8] [9, 10, 11, 12]];
RandomForest_10_f;[ 0.85571429  0.46571429  0.55      ];[[0, 1, 2, 3, 4, 5, 6, 7, 8] [9, 10, 11, 12, 13]];
RandomForest_20_f;[ 0.75857143  0.68428571  0.87714286];[[0, 1] [2, 3, 4, 5]];
RandomForest_20_f;[ 0.73        0.68142857  0.83142857];[[0, 1] [2, 3, 4, 5, 6]];
RandomForest_20_f;[ 0.62285714  0.70285714  0.78428571];[[0, 1] [2, 3, 4, 5, 6, 7]];
RandomForest_20_f;[ 0.72285714  0.73285714  0.75285714];[[0, 1] [2, 3, 4, 5, 6, 7, 8]];
RandomForest_20_f;[ 0.77142857  0.75285714  0.75142857];[[0, 1] [2, 3, 4, 5, 6, 7, 8, 9]];
RandomForest_20_f;[ 0.79857143  0.75571429  0.7       ];[[0, 1] [2, 3, 4, 5, 6, 7, 8, 9, 10]];
RandomForest_20_f;[ 0.72142857  0.77        0.69571429];[[0, 1] [2, 3, 4, 5, 6, 7, 8, 9, 10, 11]];
RandomForest_20_f;[ 0.76428571  0.79142857  0.62285714];[[0, 1] [2, 3, 4, 5, 6, 7, 8, 9, 10, 11, 12]];
RandomForest_20_f;[ 0.69        0.8         0.56857143];[[0, 1] [2, 3, 4, 5, 6, 7, 8, 9, 10, 11, 12, 13]];
RandomForest_20_f;[ 0.63714286  0.50142857  0.81857143];[[0, 1, 2] [3, 4, 5, 6]];
RandomForest_20_f;[ 0.67        0.55714286  0.79857143];[[0, 1, 2] [3, 4, 5, 6, 7]];
RandomForest_20_f;[ 0.62285714  0.58428571  0.79      ];[[0, 1, 2] [3, 4, 5, 6, 7, 8]];
RandomForest_20_f;[ 0.68        0.60142857  0.72285714];[[0, 1, 2] [3, 4, 5, 6, 7, 8, 9]];
RandomForest_20_f;[ 0.67428571  0.66428571  0.71285714];[[0, 1, 2] [3, 4, 5, 6, 7, 8, 9, 10]];
RandomForest_20_f;[ 0.68714286  0.67571429  0.63714286];[[0, 1, 2] [3, 4, 5, 6, 7, 8, 9, 10, 11]];
RandomForest_20_f;[ 0.66714286  0.70142857  0.61      ];[[0, 1, 2] [3, 4, 5, 6, 7, 8, 9, 10, 11, 12]];
RandomForest_20_f;[ 0.65142857  0.73428571  0.63714286];[[0, 1, 2] [3, 4, 5, 6, 7, 8, 9, 10, 11, 12, 13]];
RandomForest_20_f;[ 0.70714286  0.29        0.74428571];[[0, 1, 2, 3] [4, 5, 6, 7]];
RandomForest_20_f;[ 0.74142857  0.43        0.74714286];[[0, 1, 2, 3] [4, 5, 6, 7, 8]];
RandomForest_20_f;[ 0.71285714  0.5         0.73857143];[[0, 1, 2, 3] [4, 5, 6, 7, 8, 9]];
RandomForest_20_f;[ 0.67857143  0.52714286  0.75285714];[[0, 1, 2, 3] [4, 5, 6, 7, 8, 9, 10]];
RandomForest_20_f;[ 0.72571429  0.57428571  0.61857143];[[0, 1, 2, 3] [4, 5, 6, 7, 8, 9, 10, 11]];
RandomForest_20_f;[ 0.75        0.64857143  0.62571429];[[0, 1, 2, 3] [4, 5, 6, 7, 8, 9, 10, 11, 12]];
RandomForest_20_f;[ 0.73571429  0.66428571  0.59714286];[[0, 1, 2, 3] [4, 5, 6, 7, 8, 9, 10, 11, 12, 13]];
RandomForest_20_f;[ 0.78571429  0.35        0.75      ];[[0, 1, 2, 3, 4] [5, 6, 7, 8]];
RandomForest_20_f;[ 0.80571429  0.46142857  0.73142857];[[0, 1, 2, 3, 4] [5, 6, 7, 8, 9]];
RandomForest_20_f;[ 0.77285714  0.51857143  0.69571429];[[0, 1, 2, 3, 4] [5, 6, 7, 8, 9, 10]];
RandomForest_20_f;[ 0.77571429  0.55428571  0.66285714];[[0, 1, 2, 3, 4] [5, 6, 7, 8, 9, 10, 11]];
RandomForest_20_f;[ 0.80285714  0.63571429  0.55285714];[[0, 1, 2, 3, 4] [5, 6, 7, 8, 9, 10, 11, 12]];
RandomForest_20_f;[ 0.78        0.65571429  0.52571429];[[0, 1, 2, 3, 4] [5, 6, 7, 8, 9, 10, 11, 12, 13]];
RandomForest_20_f;[ 0.85571429  0.51428571  0.72      ];[[0, 1, 2, 3, 4, 5] [6, 7, 8, 9]];
RandomForest_20_f;[ 0.86142857  0.54285714  0.67142857];[[0, 1, 2, 3, 4, 5] [6, 7, 8, 9, 10]];
RandomForest_20_f;[ 0.85285714  0.56857143  0.65428571];[[0, 1, 2, 3, 4, 5] [6, 7, 8, 9, 10, 11]];
RandomForest_20_f;[ 0.87571429  0.66428571  0.61714286];[[0, 1, 2, 3, 4, 5] [6, 7, 8, 9, 10, 11, 12]];
RandomForest_20_f;[ 0.85571429  0.65571429  0.55571429];[[0, 1, 2, 3, 4, 5] [6, 7, 8, 9, 10, 11, 12, 13]];
RandomForest_20_f;[ 0.82571429  0.51        0.65      ];[[0, 1, 2, 3, 4, 5, 6] [7, 8, 9, 10]];
RandomForest_20_f;[ 0.82714286  0.47285714  0.67571429];[[0, 1, 2, 3, 4, 5, 6] [7, 8, 9, 10, 11]];
RandomForest_20_f;[ 0.85142857  0.59285714  0.58285714];[[0, 1, 2, 3, 4, 5, 6] [7, 8, 9, 10, 11, 12]];
RandomForest_20_f;[ 0.84714286  0.62714286  0.54285714];[[0, 1, 2, 3, 4, 5, 6] [7, 8, 9, 10, 11, 12, 13]];
RandomForest_20_f;[ 0.83285714  0.48571429  0.62285714];[[0, 1, 2, 3, 4, 5, 6, 7] [8, 9, 10, 11]];
RandomForest_20_f;[ 0.85        0.51        0.56714286];[[0, 1, 2, 3, 4, 5, 6, 7] [8, 9, 10, 11, 12]];
RandomForest_20_f;[ 0.83571429  0.50285714  0.54285714];[[0, 1, 2, 3, 4, 5, 6, 7] [8, 9, 10, 11, 12, 13]];
RandomForest_20_f;[ 0.83        0.48142857  0.63142857];[[0, 1, 2, 3, 4, 5, 6, 7, 8] [9, 10, 11, 12]];
RandomForest_20_f;[ 0.85285714  0.43857143  0.43285714];[[0, 1, 2, 3, 4, 5, 6, 7, 8] [9, 10, 11, 12, 13]];
RandomForest_50_f;[ 0.73714286  0.67857143  0.91857143];[[0, 1] [2, 3, 4, 5]];
RandomForest_50_f;[ 0.74142857  0.68714286  0.85285714];[[0, 1] [2, 3, 4, 5, 6]];
RandomForest_50_f;[ 0.71428571  0.71571429  0.79142857];[[0, 1] [2, 3, 4, 5, 6, 7]];
RandomForest_50_f;[ 0.69857143  0.74285714  0.74571429];[[0, 1] [2, 3, 4, 5, 6, 7, 8]];
RandomForest_50_f;[ 0.78285714  0.74571429  0.79      ];[[0, 1] [2, 3, 4, 5, 6, 7, 8, 9]];
RandomForest_50_f;[ 0.73142857  0.75857143  0.69571429];[[0, 1] [2, 3, 4, 5, 6, 7, 8, 9, 10]];
RandomForest_50_f;[ 0.76        0.76571429  0.64      ];[[0, 1] [2, 3, 4, 5, 6, 7, 8, 9, 10, 11]];
RandomForest_50_f;[ 0.75285714  0.78428571  0.58285714];[[0, 1] [2, 3, 4, 5, 6, 7, 8, 9, 10, 11, 12]];
RandomForest_50_f;[ 0.76714286  0.80571429  0.54571429];[[0, 1] [2, 3, 4, 5, 6, 7, 8, 9, 10, 11, 12, 13]];
RandomForest_50_f;[ 0.59857143  0.45714286  0.82571429];[[0, 1, 2] [3, 4, 5, 6]];
RandomForest_50_f;[ 0.62714286  0.58428571  0.76142857];[[0, 1, 2] [3, 4, 5, 6, 7]];
RandomForest_50_f;[ 0.66428571  0.58714286  0.73142857];[[0, 1, 2] [3, 4, 5, 6, 7, 8]];
RandomForest_50_f;[ 0.67285714  0.61142857  0.72      ];[[0, 1, 2] [3, 4, 5, 6, 7, 8, 9]];
RandomForest_50_f;[ 0.64285714  0.65428571  0.73428571];[[0, 1, 2] [3, 4, 5, 6, 7, 8, 9, 10]];
RandomForest_50_f;[ 0.63714286  0.69428571  0.70571429];[[0, 1, 2] [3, 4, 5, 6, 7, 8, 9, 10, 11]];
RandomForest_50_f;[ 0.60571429  0.69714286  0.56714286];[[0, 1, 2] [3, 4, 5, 6, 7, 8, 9, 10, 11, 12]];
RandomForest_50_f;[ 0.63142857  0.72857143  0.62571429];[[0, 1, 2] [3, 4, 5, 6, 7, 8, 9, 10, 11, 12, 13]];
RandomForest_50_f;[ 0.72142857  0.33571429  0.74714286];[[0, 1, 2, 3] [4, 5, 6, 7]];
RandomForest_50_f;[ 0.72571429  0.39        0.76857143];[[0, 1, 2, 3] [4, 5, 6, 7, 8]];
RandomForest_50_f;[ 0.74857143  0.51714286  0.75857143];[[0, 1, 2, 3] [4, 5, 6, 7, 8, 9]];
RandomForest_50_f;[ 0.75        0.60714286  0.70428571];[[0, 1, 2, 3] [4, 5, 6, 7, 8, 9, 10]];
RandomForest_50_f;[ 0.70857143  0.58142857  0.63714286];[[0, 1, 2, 3] [4, 5, 6, 7, 8, 9, 10, 11]];
RandomForest_50_f;[ 0.72571429  0.62428571  0.61571429];[[0, 1, 2, 3] [4, 5, 6, 7, 8, 9, 10, 11, 12]];
RandomForest_50_f;[ 0.75142857  0.66714286  0.56571429];[[0, 1, 2, 3] [4, 5, 6, 7, 8, 9, 10, 11, 12, 13]];
RandomForest_50_f;[ 0.76714286  0.27857143  0.74857143];[[0, 1, 2, 3, 4] [5, 6, 7, 8]];
RandomForest_50_f;[ 0.76857143  0.51        0.73285714];[[0, 1, 2, 3, 4] [5, 6, 7, 8, 9]];
RandomForest_50_f;[ 0.80714286  0.49        0.65142857];[[0, 1, 2, 3, 4] [5, 6, 7, 8, 9, 10]];
RandomForest_50_f;[ 0.78857143  0.58571429  0.65142857];[[0, 1, 2, 3, 4] [5, 6, 7, 8, 9, 10, 11]];
RandomForest_50_f;[ 0.79142857  0.65428571  0.64714286];[[0, 1, 2, 3, 4] [5, 6, 7, 8, 9, 10, 11, 12]];
RandomForest_50_f;[ 0.79        0.66857143  0.59142857];[[0, 1, 2, 3, 4] [5, 6, 7, 8, 9, 10, 11, 12, 13]];
RandomForest_50_f;[ 0.85142857  0.47285714  0.68      ];[[0, 1, 2, 3, 4, 5] [6, 7, 8, 9]];
RandomForest_50_f;[ 0.83428571  0.50142857  0.70285714];[[0, 1, 2, 3, 4, 5] [6, 7, 8, 9, 10]];
RandomForest_50_f;[ 0.84        0.58571429  0.66285714];[[0, 1, 2, 3, 4, 5] [6, 7, 8, 9, 10, 11]];
RandomForest_50_f;[ 0.86857143  0.64285714  0.62285714];[[0, 1, 2, 3, 4, 5] [6, 7, 8, 9, 10, 11, 12]];
RandomForest_50_f;[ 0.87428571  0.63428571  0.54428571];[[0, 1, 2, 3, 4, 5] [6, 7, 8, 9, 10, 11, 12, 13]];
RandomForest_50_f;[ 0.82571429  0.46285714  0.72      ];[[0, 1, 2, 3, 4, 5, 6] [7, 8, 9, 10]];
RandomForest_50_f;[ 0.84285714  0.55714286  0.64571429];[[0, 1, 2, 3, 4, 5, 6] [7, 8, 9, 10, 11]];
RandomForest_50_f;[ 0.84        0.55571429  0.67428571];[[0, 1, 2, 3, 4, 5, 6] [7, 8, 9, 10, 11, 12]];
RandomForest_50_f;[ 0.83857143  0.57714286  0.58428571];[[0, 1, 2, 3, 4, 5, 6] [7, 8, 9, 10, 11, 12, 13]];
RandomForest_50_f;[ 0.83571429  0.49285714  0.61142857];[[0, 1, 2, 3, 4, 5, 6, 7] [8, 9, 10, 11]];
RandomForest_50_f;[ 0.84714286  0.49        0.57285714];[[0, 1, 2, 3, 4, 5, 6, 7] [8, 9, 10, 11, 12]];
RandomForest_50_f;[ 0.85428571  0.47571429  0.38285714];[[0, 1, 2, 3, 4, 5, 6, 7] [8, 9, 10, 11, 12, 13]];
RandomForest_50_f;[ 0.84428571  0.47857143  0.59714286];[[0, 1, 2, 3, 4, 5, 6, 7, 8] [9, 10, 11, 12]];
RandomForest_50_f;[ 0.85428571  0.48714286  0.51285714];[[0, 1, 2, 3, 4, 5, 6, 7, 8] [9, 10, 11, 12, 13]];
RandomForest_200_f;[ 0.66285714  0.63714286  0.88428571];[[0, 1] [2, 3, 4, 5]];
RandomForest_200_f;[ 0.70285714  0.67428571  0.90571429];[[0, 1] [2, 3, 4, 5]];
RandomForest_200_f;[ 0.69714286  0.66857143  0.83714286];[[0, 1] [2, 3, 4, 5, 6]];
RandomForest_200_f;[ 0.67285714  0.67857143  0.73857143];[[0, 1] [2, 3, 4, 5, 6, 7]];
RandomForest_200_f;[ 0.72285714  0.74857143  0.78285714];[[0, 1] [2, 3, 4, 5, 6, 7, 8]];
RandomForest_200_f;[ 0.72428571  0.74857143  0.74571429];[[0, 1] [2, 3, 4, 5, 6, 7, 8, 9]];
RandomForest_200_f;[ 0.76        0.76285714  0.72142857];[[0, 1] [2, 3, 4, 5, 6, 7, 8, 9, 10]];
RandomForest_200_f;[ 0.72        0.75857143  0.69285714];[[0, 1] [2, 3, 4, 5, 6, 7, 8, 9, 10, 11]];
RandomForest_200_f;[ 0.73142857  0.78142857  0.62285714];[[0, 1] [2, 3, 4, 5, 6, 7, 8, 9, 10, 11, 12]];
RandomForest_200_f;[ 0.59285714  0.79285714  0.63      ];[[0, 1] [2, 3, 4, 5, 6, 7, 8, 9, 10, 11, 12, 13]];
RandomForest_200_f;[ 0.67285714  0.52142857  0.85      ];[[0, 1, 2] [3, 4, 5, 6]];
RandomForest_200_f;[ 0.59        0.50142857  0.76428571];[[0, 1, 2] [3, 4, 5, 6, 7]];
RandomForest_200_f;[ 0.61571429  0.57142857  0.73857143];[[0, 1, 2] [3, 4, 5, 6, 7, 8]];
RandomForest_200_f;[ 0.65285714  0.60857143  0.73285714];[[0, 1, 2] [3, 4, 5, 6, 7, 8, 9]];
RandomForest_200_f;[ 0.65428571  0.63428571  0.68      ];[[0, 1, 2] [3, 4, 5, 6, 7, 8, 9, 10]];
RandomForest_200_f;[ 0.64714286  0.69428571  0.70428571];[[0, 1, 2] [3, 4, 5, 6, 7, 8, 9, 10, 11]];
RandomForest_200_f;[ 0.70714286  0.71428571  0.59571429];[[0, 1, 2] [3, 4, 5, 6, 7, 8, 9, 10, 11, 12]];
RandomForest_200_f;[ 0.67285714  0.72714286  0.57571429];[[0, 1, 2] [3, 4, 5, 6, 7, 8, 9, 10, 11, 12, 13]];
RandomForest_200_f;[ 0.70571429  0.31571429  0.77142857];[[0, 1, 2, 3] [4, 5, 6, 7]];
RandomForest_200_f;[ 0.7         0.36857143  0.76142857];[[0, 1, 2, 3] [4, 5, 6, 7, 8]];
RandomForest_200_f;[ 0.69285714  0.48142857  0.70428571];[[0, 1, 2, 3] [4, 5, 6, 7, 8, 9]];
RandomForest_200_f;[ 0.73714286  0.54571429  0.74714286];[[0, 1, 2, 3] [4, 5, 6, 7, 8, 9, 10]];
RandomForest_200_f;[ 0.73428571  0.59        0.63571429];[[0, 1, 2, 3] [4, 5, 6, 7, 8, 9, 10, 11]];
RandomForest_200_f;[ 0.77857143  0.65142857  0.61428571];[[0, 1, 2, 3] [4, 5, 6, 7, 8, 9, 10, 11, 12]];
RandomForest_200_f;[ 0.74857143  0.65428571  0.64142857];[[0, 1, 2, 3] [4, 5, 6, 7, 8, 9, 10, 11, 12, 13]];
RandomForest_200_f;[ 0.76571429  0.43142857  0.72428571];[[0, 1, 2, 3, 4] [5, 6, 7, 8]];
RandomForest_200_f;[ 0.81714286  0.49857143  0.73285714];[[0, 1, 2, 3, 4] [5, 6, 7, 8, 9]];
RandomForest_200_f;[ 0.79714286  0.54714286  0.74      ];[[0, 1, 2, 3, 4] [5, 6, 7, 8, 9, 10]];
RandomForest_200_f;[ 0.76285714  0.55571429  0.62142857];[[0, 1, 2, 3, 4] [5, 6, 7, 8, 9, 10, 11]];
RandomForest_200_f;[ 0.79857143  0.62285714  0.63      ];[[0, 1, 2, 3, 4] [5, 6, 7, 8, 9, 10, 11, 12]];
RandomForest_200_f;[ 0.78285714  0.66428571  0.53857143];[[0, 1, 2, 3, 4] [5, 6, 7, 8, 9, 10, 11, 12, 13]];
Bagging_1_f;[ 0.87142857  0.61714286  0.85857143];[[0, 1] [2, 3, 4, 5]];
Bagging_1_f;[ 0.73857143  0.64285714  0.77428571];[[0, 1] [2, 3, 4, 5, 6]];
Bagging_1_f;[ 0.83428571  0.70142857  0.73857143];[[0, 1] [2, 3, 4, 5, 6, 7]];
Bagging_1_f;[ 0.46428571  0.66285714  0.70285714];[[0, 1] [2, 3, 4, 5, 6, 7, 8]];
Bagging_1_f;[ 0.66714286  0.67857143  0.73714286];[[0, 1] [2, 3, 4, 5, 6, 7, 8, 9]];
Bagging_1_f;[ 0.59571429  0.69285714  0.68571429];[[0, 1] [2, 3, 4, 5, 6, 7, 8, 9, 10]];
Bagging_1_f;[ 0.57142857  0.68857143  0.61857143];[[0, 1] [2, 3, 4, 5, 6, 7, 8, 9, 10, 11]];
Bagging_1_f;[ 0.31        0.68285714  0.35714286];[[0, 1] [2, 3, 4, 5, 6, 7, 8, 9, 10, 11, 12]];
Bagging_1_f;[ 0.57142857  0.71        0.        ];[[0, 1] [2, 3, 4, 5, 6, 7, 8, 9, 10, 11, 12, 13]];
Bagging_1_f;[ 0.62571429  0.57571429  0.77571429];[[0, 1, 2] [3, 4, 5, 6]];
Bagging_1_f;[ 0.66        0.58142857  0.73428571];[[0, 1, 2] [3, 4, 5, 6, 7]];
Bagging_5_f;[ 0.58        0.69428571  0.87571429];[[0, 1] [2, 3, 4, 5]];
Bagging_5_f;[ 0.76428571  0.7         0.81285714];[[0, 1] [2, 3, 4, 5, 6]];
Bagging_5_f;[ 0.71428571  0.67428571  0.76857143];[[0, 1] [2, 3, 4, 5, 6, 7]];
Bagging_5_f;[ 0.86571429  0.72714286  0.75285714];[[0, 1] [2, 3, 4, 5, 6, 7, 8]];
Bagging_5_f;[ 0.75857143  0.74428571  0.75428571];[[0, 1] [2, 3, 4, 5, 6, 7, 8, 9]];
Bagging_5_f;[ 0.73285714  0.75714286  0.73714286];[[0, 1] [2, 3, 4, 5, 6, 7, 8, 9, 10]];
Bagging_5_f;[ 0.71285714  0.69285714  0.88857143];[[0, 1] [2, 3, 4, 5]];
Bagging_5_f;[ 0.78857143  0.7         0.85      ];[[0, 1] [2, 3, 4, 5, 6]];
Bagging_5_f;[ 0.76571429  0.72428571  0.79428571];[[0, 1] [2, 3, 4, 5, 6, 7]];
Bagging_5_f;[ 0.82571429  0.72714286  0.72857143];[[0, 1] [2, 3, 4, 5, 6, 7, 8]];
Bagging_5_f;[ 0.78571429  0.75142857  0.76428571];[[0, 1] [2, 3, 4, 5, 6, 7, 8, 9]];
Bagging_5_f;[ 0.68142857  0.77        0.73      ];[[0, 1] [2, 3, 4, 5, 6, 7, 8, 9, 10]];
Bagging_5_f;[ 0.78        0.75714286  0.66714286];[[0, 1] [2, 3, 4, 5, 6, 7, 8, 9, 10, 11]];
Bagging_5_f;[ 0.69142857  0.54571429  0.83571429];[[0, 1, 2] [3, 4, 5, 6]];
Bagging_5_f;[ 0.68        0.52857143  0.77714286];[[0, 1, 2] [3, 4, 5, 6, 7]];
Bagging_5_f;[ 0.73428571  0.58714286  0.73714286];[[0, 1, 2] [3, 4, 5, 6, 7, 8]];
Bagging_5_f;[ 0.74142857  0.63857143  0.73142857];[[0, 1, 2] [3, 4, 5, 6, 7, 8, 9]];
Bagging_5_f;[ 0.71285714  0.63428571  0.74857143];[[0, 1, 2] [3, 4, 5, 6, 7, 8, 9, 10]];
Bagging_5_f;[ 0.72428571  0.70571429  0.65714286];[[0, 1, 2] [3, 4, 5, 6, 7, 8, 9, 10, 11]];
Bagging_5_f;[ 0.71857143  0.41285714  0.73142857];[[0, 1, 2, 3] [4, 5, 6, 7]];
Bagging_5_f;[ 0.74571429  0.40571429  0.74285714];[[0, 1, 2, 3] [4, 5, 6, 7, 8]];
Bagging_5_f;[ 0.76142857  0.55        0.71428571];[[0, 1, 2, 3] [4, 5, 6, 7, 8, 9]];
Bagging_5_f;[ 0.76571429  0.56428571  0.72142857];[[0, 1, 2, 3] [4, 5, 6, 7, 8, 9, 10]];
Bagging_5_f;[ 0.73714286  0.57142857  0.58714286];[[0, 1, 2, 3] [4, 5, 6, 7, 8, 9, 10, 11]];
Bagging_5_f;[ 0.78571429  0.23571429  0.70428571];[[0, 1, 2, 3, 4] [5, 6, 7, 8]];
Bagging_5_f;[ 0.79        0.50285714  0.70428571];[[0, 1, 2, 3, 4] [5, 6, 7, 8, 9]];
Bagging_5_f;[ 0.81714286  0.52857143  0.67857143];[[0, 1, 2, 3, 4] [5, 6, 7, 8, 9, 10]];
Bagging_5_f;[ 0.78857143  0.56142857  0.65285714];[[0, 1, 2, 3, 4] [5, 6, 7, 8, 9, 10, 11]];
Bagging_10_f;[ 0.86571429  0.68285714  0.89714286];[[0, 1] [2, 3, 4, 5]];
Bagging_10_f;[ 0.75428571  0.71428571  0.84714286];[[0, 1] [2, 3, 4, 5, 6]];
Bagging_10_f;[ 0.73714286  0.72        0.78285714];[[0, 1] [2, 3, 4, 5, 6, 7]];
Bagging_10_f;[ 0.78285714  0.73714286  0.76142857];[[0, 1] [2, 3, 4, 5, 6, 7, 8]];
Bagging_10_f;[ 0.76428571  0.71428571  0.70571429];[[0, 1] [2, 3, 4, 5, 6, 7, 8, 9]];
Bagging_10_f;[ 0.81428571  0.76142857  0.66571429];[[0, 1] [2, 3, 4, 5, 6, 7, 8, 9, 10]];
Bagging_10_f;[ 0.73714286  0.76428571  0.63428571];[[0, 1] [2, 3, 4, 5, 6, 7, 8, 9, 10, 11]];
Bagging_10_f;[ 0.67428571  0.50714286  0.83      ];[[0, 1, 2] [3, 4, 5, 6]];
Bagging_10_f;[ 0.62285714  0.50285714  0.78571429];[[0, 1, 2] [3, 4, 5, 6, 7]];
Bagging_10_f;[ 0.71        0.59714286  0.75142857];[[0, 1, 2] [3, 4, 5, 6, 7, 8]];
Bagging_10_f;[ 0.64285714  0.63714286  0.69142857];[[0, 1, 2] [3, 4, 5, 6, 7, 8, 9]];
Bagging_10_f;[ 0.66142857  0.67285714  0.71285714];[[0, 1, 2] [3, 4, 5, 6, 7, 8, 9, 10]];
Bagging_10_f;[ 0.74285714  0.68142857  0.68      ];[[0, 1, 2] [3, 4, 5, 6, 7, 8, 9, 10, 11]];
Bagging_10_f;[ 0.71428571  0.36285714  0.76857143];[[0, 1, 2, 3] [4, 5, 6, 7]];
Bagging_10_f;[ 0.73285714  0.44428571  0.73428571];[[0, 1, 2, 3] [4, 5, 6, 7, 8]];
Bagging_10_f;[ 0.73142857  0.54714286  0.73714286];[[0, 1, 2, 3] [4, 5, 6, 7, 8, 9]];
Bagging_10_f;[ 0.71857143  0.51428571  0.70285714];[[0, 1, 2, 3] [4, 5, 6, 7, 8, 9, 10]];
Bagging_10_f;[ 0.71        0.6         0.66714286];[[0, 1, 2, 3] [4, 5, 6, 7, 8, 9, 10, 11]];
Bagging_10_f;[ 0.77714286  0.17857143  0.68      ];[[0, 1, 2, 3, 4] [5, 6, 7, 8]];
Bagging_10_f;[ 0.79142857  0.45        0.72571429];[[0, 1, 2, 3, 4] [5, 6, 7, 8, 9]];
Bagging_10_f;[ 0.77571429  0.52285714  0.68285714];[[0, 1, 2, 3, 4] [5, 6, 7, 8, 9, 10]];
Bagging_10_f;[ 0.8         0.57857143  0.66571429];[[0, 1, 2, 3, 4] [5, 6, 7, 8, 9, 10, 11]];
Bagging_20_f;[ 0.74142857  0.70857143  0.89428571];[[0, 1] [2, 3, 4, 5]];
Bagging_20_f;[ 0.85142857  0.70714286  0.81285714];[[0, 1] [2, 3, 4, 5, 6]];
Bagging_20_f;[ 0.75        0.71571429  0.78      ];[[0, 1] [2, 3, 4, 5, 6, 7]];
Bagging_20_f;[ 0.75714286  0.72        0.77285714];[[0, 1] [2, 3, 4, 5, 6, 7, 8]];
Bagging_20_f;[ 0.81571429  0.73571429  0.72857143];[[0, 1] [2, 3, 4, 5, 6, 7, 8, 9]];
Bagging_20_f;[ 0.75        0.75571429  0.70714286];[[0, 1] [2, 3, 4, 5, 6, 7, 8, 9, 10]];
Bagging_20_f;[ 0.75285714  0.76285714  0.62428571];[[0, 1] [2, 3, 4, 5, 6, 7, 8, 9, 10, 11]];
Bagging_20_f;[ 0.63857143  0.53285714  0.84142857];[[0, 1, 2] [3, 4, 5, 6]];
Bagging_20_f;[ 0.63142857  0.57714286  0.78285714];[[0, 1, 2] [3, 4, 5, 6, 7]];
Bagging_20_f;[ 0.59571429  0.61        0.76571429];[[0, 1, 2] [3, 4, 5, 6, 7, 8]];
Bagging_20_f;[ 0.69571429  0.63428571  0.74      ];[[0, 1, 2] [3, 4, 5, 6, 7, 8, 9]];
Bagging_20_f;[ 0.68714286  0.67        0.68428571];[[0, 1, 2] [3, 4, 5, 6, 7, 8, 9, 10]];
Bagging_20_f;[ 0.62        0.69142857  0.57428571];[[0, 1, 2] [3, 4, 5, 6, 7, 8, 9, 10, 11]];
Bagging_20_f;[ 0.71714286  0.32857143  0.75714286];[[0, 1, 2, 3] [4, 5, 6, 7]];
Bagging_20_f;[ 0.71142857  0.42        0.74857143];[[0, 1, 2, 3] [4, 5, 6, 7, 8]];
Bagging_20_f;[ 0.73571429  0.50285714  0.70571429];[[0, 1, 2, 3] [4, 5, 6, 7, 8, 9]];
Bagging_20_f;[ 0.68714286  0.55857143  0.68714286];[[0, 1, 2, 3] [4, 5, 6, 7, 8, 9, 10]];
Bagging_20_f;[ 0.73142857  0.6         0.62428571];[[0, 1, 2, 3] [4, 5, 6, 7, 8, 9, 10, 11]];
Bagging_20_f;[ 0.80857143  0.35857143  0.75857143];[[0, 1, 2, 3, 4] [5, 6, 7, 8]];
Bagging_20_f;[ 0.79857143  0.52        0.71714286];[[0, 1, 2, 3, 4] [5, 6, 7, 8, 9]];
Bagging_20_f;[ 0.77285714  0.58        0.71428571];[[0, 1, 2, 3, 4] [5, 6, 7, 8, 9, 10]];
Bagging_20_f;[ 0.78857143  0.58571429  0.65571429];[[0, 1, 2, 3, 4] [5, 6, 7, 8, 9, 10, 11]];
Bagging_50_f;[ 0.74142857  0.68857143  0.88714286];[[0, 1] [2, 3, 4, 5]];
Bagging_50_f;[ 0.74285714  0.72571429  0.85428571];[[0, 1] [2, 3, 4, 5, 6]];
Bagging_50_f;[ 0.76  0.68  0.81];[[0, 1] [2, 3, 4, 5, 6, 7]];
Bagging_50_f;[ 0.68571429  0.73571429  0.79857143];[[0, 1] [2, 3, 4, 5, 6, 7, 8]];
Bagging_50_f;[ 0.76857143  0.72142857  0.73857143];[[0, 1] [2, 3, 4, 5, 6, 7, 8, 9]];
Bagging_50_f;[ 0.74571429  0.74        0.69142857];[[0, 1] [2, 3, 4, 5, 6, 7, 8, 9, 10]];
Bagging_50_f;[ 0.75714286  0.74714286  0.64285714];[[0, 1] [2, 3, 4, 5, 6, 7, 8, 9, 10, 11]];
Bagging_50_f;[ 0.66        0.55142857  0.82142857];[[0, 1, 2] [3, 4, 5, 6]];
Bagging_50_f;[ 0.64428571  0.49        0.78571429];[[0, 1, 2] [3, 4, 5, 6, 7]];
Bagging_50_f;[ 0.59571429  0.60571429  0.76714286];[[0, 1, 2] [3, 4, 5, 6, 7, 8]];
Bagging_50_f;[ 0.61428571  0.60142857  0.74      ];[[0, 1, 2] [3, 4, 5, 6, 7, 8, 9]];
Bagging_50_f;[ 0.73714286  0.67        0.72714286];[[0, 1, 2] [3, 4, 5, 6, 7, 8, 9, 10]];
Bagging_50_f;[ 0.60857143  0.67        0.68      ];[[0, 1, 2] [3, 4, 5, 6, 7, 8, 9, 10, 11]];
Bagging_50_f;[ 0.71857143  0.36857143  0.76571429];[[0, 1, 2, 3] [4, 5, 6, 7]];
Bagging_50_f;[ 0.71857143  0.36571429  0.75285714];[[0, 1, 2, 3] [4, 5, 6, 7, 8]];
Bagging_50_f;[ 0.70142857  0.46714286  0.73571429];[[0, 1, 2, 3] [4, 5, 6, 7, 8, 9]];
Bagging_50_f;[ 0.73428571  0.55857143  0.67857143];[[0, 1, 2, 3] [4, 5, 6, 7, 8, 9, 10]];
Bagging_50_f;[ 0.68571429  0.57571429  0.64      ];[[0, 1, 2, 3] [4, 5, 6, 7, 8, 9, 10, 11]];
Bagging_50_f;[ 0.76428571  0.22        0.72285714];[[0, 1, 2, 3, 4] [5, 6, 7, 8]];
Bagging_50_f;[ 0.75714286  0.48142857  0.72142857];[[0, 1, 2, 3, 4] [5, 6, 7, 8, 9]];
Bagging_50_f;[ 0.78142857  0.50142857  0.68428571];[[0, 1, 2, 3, 4] [5, 6, 7, 8, 9, 10]];
Bagging_50_f;[ 0.79285714  0.53285714  0.58571429];[[0, 1, 2, 3, 4] [5, 6, 7, 8, 9, 10, 11]];
Bagging_200_f;[ 0.69142857  0.68714286  0.88857143];[[0, 1] [2, 3, 4, 5]];
Bagging_200_f;[ 0.74857143  0.71        0.83285714];[[0, 1] [2, 3, 4, 5, 6]];
Bagging_200_f;[ 0.71428571  0.71        0.79      ];[[0, 1] [2, 3, 4, 5, 6, 7]];
Bagging_200_f;[ 0.69142857  0.75142857  0.78142857];[[0, 1] [2, 3, 4, 5, 6, 7, 8]];
Bagging_200_f;[ 0.69571429  0.72285714  0.74285714];[[0, 1] [2, 3, 4, 5, 6, 7, 8, 9]];
Bagging_200_f;[ 0.74142857  0.78142857  0.70285714];[[0, 1] [2, 3, 4, 5, 6, 7, 8, 9, 10]];
Bagging_200_f;[ 0.75142857  0.74714286  0.61428571];[[0, 1] [2, 3, 4, 5, 6, 7, 8, 9, 10, 11]];
Bagging_200_f;[ 0.69714286  0.55857143  0.82142857];[[0, 1, 2] [3, 4, 5, 6]];
Bagging_200_f;[ 0.59714286  0.50571429  0.79285714];[[0, 1, 2] [3, 4, 5, 6, 7]];
Bagging_200_f;[ 0.66714286  0.59857143  0.72285714];[[0, 1, 2] [3, 4, 5, 6, 7, 8]];
Bagging_200_f;[ 0.69142857  0.61714286  0.72142857];[[0, 1, 2] [3, 4, 5, 6, 7, 8, 9]];
Bagging_200_f;[ 0.64        0.66285714  0.7       ];[[0, 1, 2] [3, 4, 5, 6, 7, 8, 9, 10]];
Bagging_200_f;[ 0.68428571  0.71        0.69428571];[[0, 1, 2] [3, 4, 5, 6, 7, 8, 9, 10, 11]];
Bagging_200_f;[ 0.69571429  0.36857143  0.76571429];[[0, 1, 2, 3] [4, 5, 6, 7]];
Bagging_200_f;[ 0.71571429  0.40428571  0.75285714];[[0, 1, 2, 3] [4, 5, 6, 7, 8]];
Bagging_200_f;[ 0.72285714  0.47428571  0.70285714];[[0, 1, 2, 3] [4, 5, 6, 7, 8, 9]];
Bagging_200_f;[ 0.76571429  0.51142857  0.69285714];[[0, 1, 2, 3] [4, 5, 6, 7, 8, 9, 10]];
Bagging_200_f;[ 0.70714286  0.57142857  0.6       ];[[0, 1, 2, 3] [4, 5, 6, 7, 8, 9, 10, 11]];
Bagging_200_f;[ 0.77857143  0.30857143  0.73428571];[[0, 1, 2, 3, 4] [5, 6, 7, 8]];
Bagging_200_f;[ 0.79428571  0.46857143  0.70428571];[[0, 1, 2, 3, 4] [5, 6, 7, 8, 9]];
Bagging_200_f;[ 0.81571429  0.5         0.65714286];[[0, 1, 2, 3, 4] [5, 6, 7, 8, 9, 10]];
Bagging_200_f;[ 0.78714286  0.58285714  0.67285714];[[0, 1, 2, 3, 4] [5, 6, 7, 8, 9, 10, 11]];
